# t  y_pred  dy_pred
-6.037687470092359732e+00 -8.694321194341163572e-01 6.924752178969364458e-01
-6.024381059678621142e+00 -8.697882285334874730e-01 6.920385729732039248e-01
-6.011074649264882552e+00 -8.701449966643319822e-01 6.916012759243119756e-01
-5.997768238851143963e+00 -8.705023979868190542e-01 6.911633236828887972e-01
-5.984461828437405373e+00 -8.708604061180531541e-01 6.907247131631146786e-01
-5.971155418023666783e+00 -8.712189941242377555e-01 6.902854412608373513e-01
-5.957849007609928194e+00 -8.715781345127464608e-01 6.898455048536914491e-01
-5.944542597196189604e+00 -8.719377992240958664e-01 6.894049008012370638e-01
-5.931236186782451902e+00 -8.722979596238106259e-01 6.889636259450924172e-01
-5.917929776368713313e+00 -8.726585864942043580e-01 6.885216771090788557e-01
-5.904623365954974723e+00 -8.730196500260448689e-01 6.880790510993800568e-01
-5.891316955541236133e+00 -8.733811198101318896e-01 6.876357447047017901e-01
-5.878010545127497544e+00 -8.737429648287683426e-01 6.871917546964448897e-01
-5.864704134713758954e+00 -8.741051534471209195e-01 6.867470778288834454e-01
-5.851397724300020364e+00 -8.744676534044866223e-01 6.863017108393544286e-01
-5.838091313886281775e+00 -8.748304318054511697e-01 6.858556504484578653e-01
-5.824784903472543185e+00 -8.751934551109322724e-01 6.854088933602627831e-01
-5.811478493058804595e+00 -8.755566891291394205e-01 6.849614362625241482e-01
-5.798172082645066006e+00 -8.759200990063937819e-01 6.845132758269102391e-01
-5.784865672231327416e+00 -8.762836492178641690e-01 6.840644087092423442e-01
-5.771559261817588826e+00 -8.766473035581826556e-01 6.836148315497396766e-01
-5.758252851403850237e+00 -8.770110251319471750e-01 6.831645409732751695e-01
-5.744946440990111647e+00 -8.773747763441199776e-01 6.827135335896524770e-01
-5.731640030576373945e+00 -8.777385188903039648e-01 6.822618059938780899e-01
-5.718333620162635356e+00 -8.781022137469086664e-01 6.818093547664557663e-01
-5.705027209748896766e+00 -8.784658211612080825e-01 6.813561764736910664e-01
-5.691720799335158176e+00 -8.788293006412642994e-01 6.809022676680017705e-01
-5.678414388921419587e+00 -8.791926109457557370e-01 6.804476248882508349e-01
-5.665107978507680997e+00 -8.795557100736691725e-01 6.799922446600797921e-01
-5.651801568093942407e+00 -8.799185552538829613e-01 6.795361234962654651e-01
-5.638495157680203818e+00 -8.802811029346296889e-01 6.790792578970801241e-01
-5.625188747266465228e+00 -8.806433087728299247e-01 6.786216443506745133e-01
-5.611882336852726638e+00 -8.810051276233106243e-01 6.781632793334660958e-01
-5.598575926438988049e+00 -8.813665135279000751e-01 6.777041593105463946e-01
-5.585269516025249459e+00 -8.817274197043937223e-01 6.772442807360991024e-01
-5.571963105611510869e+00 -8.820877985354018680e-01 6.767836400538342900e-01
-5.558656695197772279e+00 -8.824476015570672516e-01 6.763222336974408222e-01
-5.545350284784033690e+00 -8.828067794476512908e-01 6.758600580910432143e-01
-5.532043874370295100e+00 -8.831652820159978656e-01 6.753971096496864668e-01
-5.518737463956557399e+00 -8.835230581898720903e-01 6.749333847798292263e-01
-5.505431053542818809e+00 -8.838800560041597532e-01 6.744688798798543772e-01
-5.492124643129080219e+00 -8.842362225889357497e-01 6.740035913405975077e-01
-5.478818232715341630e+00 -8.845915041574106130e-01 6.735375155458881435e-01
-5.465511822301603040e+00 -8.849458459937371568e-01 6.730706488731128534e-01
-5.452205411887864450e+00 -8.852991924406813373e-01 6.726029876937955621e-01
-5.438899001474125861e+00 -8.856514868871661061e-01 6.721345283741883003e-01
-5.425592591060387271e+00 -8.860026717556698239e-01 6.716652672758928189e-01
-5.412286180646648681e+00 -8.863526884894932234e-01 6.711952007564860878e-01
-5.398979770232910091e+00 -8.867014775398999182e-01 6.707243251701757725e-01
-5.385673359819171502e+00 -8.870489783530896011e-01 6.702526368684718072e-01
-5.372366949405432912e+00 -8.873951293570657706e-01 6.697801322008773983e-01
-5.359060538991694322e+00 -8.877398679483499144e-01 6.693068075155927943e-01
-5.345754128577956621e+00 -8.880831304785339331e-01 6.688326591602564708e-01
-5.332447718164218031e+00 -8.884248522407380833e-01 6.683576834826906454e-01
-5.319141307750479442e+00 -8.887649674558761870e-01 6.678818768316745480e-01
-5.305834897336740852e+00 -8.891034092588180338e-01 6.674052355577403395e-01
-5.292528486923002262e+00 -8.894401096843798094e-01 6.669277560139895700e-01
-5.279222076509263673e+00 -8.897749996531872929e-01 6.664494345569330624e-01
-5.265915666095525083e+00 -8.901080089573880638e-01 6.659702675473521127e-01
-5.252609255681786493e+00 -8.904390662462193795e-01 6.654902513511825601e-01
-5.239302845268047903e+00 -8.907680990114239528e-01 6.650093823404249482e-01
-5.225996434854309314e+00 -8.910950335725288385e-01 6.645276568940802209e-01
-5.212690024440570724e+00 -8.914197950619678901e-01 6.640450713991039589e-01
-5.199383614026832134e+00 -8.917423074100636615e-01 6.635616222513903706e-01
-5.186077203613093545e+00 -8.920624933298539894e-01 6.630773058567843714e-01
-5.172770793199354955e+00 -8.923802743017776873e-01 6.625921186321094281e-01
-5.159464382785616365e+00 -8.926955705581951506e-01 6.621060570062357042e-01
-5.146157972371877776e+00 -8.930083010677781763e-01 6.616191174211627501e-01
-5.132851561958139186e+00 -8.933183835197469058e-01 6.611312963331389403e-01
-5.119545151544401485e+00 -8.936257343079327953e-01 6.606425902138050033e-01
-5.106238741130662895e+00 -8.939302685147284544e-01 6.601529955513597558e-01
-5.092932330716924305e+00 -8.942318998948496356e-01 6.596625088517708013e-01
-5.079625920303185715e+00 -8.945305408589795393e-01 6.591711266399954416e-01
-5.066319509889447126e+00 -8.948261024572282674e-01 6.586788454612474419e-01
-5.053013099475708536e+00 -8.951184943624722612e-01 6.581856618822830018e-01
-5.039706689061969946e+00 -8.954076248535226545e-01 6.576915724927280271e-01
-5.026400278648231357e+00 -8.956934007981378620e-01 6.571965739064219436e-01
-5.013093868234492767e+00 -8.959757276359205935e-01 6.567006627628129145e-01
-4.999787457820754177e+00 -8.962545093610045921e-01 6.562038357283693779e-01
-4.986481047407015588e+00 -8.965296485046506669e-01 6.557060894980302201e-01
-4.973174636993276998e+00 -8.968010461176516568e-01 6.552074207966916974e-01
-4.959868226579539296e+00 -8.970686017526033895e-01 6.547078263807249998e-01
-4.946561816165800707e+00 -8.973322134460188781e-01 6.542073030395262334e-01
-4.933255405752062117e+00 -8.975917777003035170e-01 6.537058475971072591e-01
-4.919948995338323527e+00 -8.978471894655735142e-01 6.532034569137185054e-01
-4.906642584924584938e+00 -8.980983421213193374e-01 6.527001278875111945e-01
-4.893336174510846348e+00 -8.983451274579410395e-01 6.521958574562278788e-01
-4.880029764097107758e+00 -8.985874356581141642e-01 6.516906425989443807e-01
-4.866723353683369169e+00 -8.988251552780283093e-01 6.511844803378353808e-01
-4.853416943269630579e+00 -8.990581732284739225e-01 6.506773677399914080e-01
-4.840110532855891989e+00 -8.992863747557803267e-01 6.501693019192612555e-01
-4.826804122442153400e+00 -8.995096434226154125e-01 6.496602800381486853e-01
-4.813497712028414810e+00 -8.997278610886527694e-01 6.491502993097352237e-01
-4.800191301614676220e+00 -8.999409078910781679e-01 6.486393569996568020e-01
-4.786884891200937631e+00 -9.001486622249799119e-01 6.481274504281090421e-01
-4.773578480787199041e+00 -9.003510007235906443e-01 6.476145769719058309e-01
-4.760272070373460451e+00 -9.005477982383902624e-01 6.471007340665723140e-01
-4.746965659959721862e+00 -9.007389278190952586e-01 6.465859192084851825e-01
-4.733659249545983272e+00 -9.009242606934839692e-01 6.460701299570537071e-01
-4.720352839132244682e+00 -9.011036662471264558e-01 6.455533639369471777e-01
-4.707046428718506981e+00 -9.012770120029719445e-01 6.450356188403675306e-01
-4.693740018304768391e+00 -9.014441636008074799e-01 6.445168924293637192e-01
-4.680433607891029801e+00 -9.016049847766082204e-01 6.439971825381938242e-01
-4.667127197477291212e+00 -9.017593373417542857e-01 6.434764870757352373e-01
-4.653820787063552622e+00 -9.019070811621437977e-01 6.429548040279410293e-01
-4.640514376649814032e+00 -9.020480741371886824e-01 6.424321314603389510e-01
-4.627207966236075443e+00 -9.021821721786946746e-01 6.419084675205877222e-01
-4.613901555822336853e+00 -9.023092291896438466e-01 6.413838104410718444e-01
-4.600595145408598263e+00 -9.024290970428726633e-01 6.408581585415518145e-01
-4.587288734994859674e+00 -9.025416255596468984e-01 6.403315102318650753e-01
-4.573982324581121084e+00 -9.026466624881414047e-01 6.398038640146682665e-01
-4.560675914167382494e+00 -9.027440534818362838e-01 6.392752184882414257e-01
-4.547369503753644793e+00 -9.028336420778223514e-01 6.387455723493338233e-01
-4.534063093339906203e+00 -9.029152696750210039e-01 6.382149243960671958e-01
-4.520756682926167613e+00 -9.029887755123341408e-01 6.376832735308908262e-01
-4.507450272512429024e+00 -9.030539966467210355e-01 6.371506187635818108e-01
-4.494143862098690434e+00 -9.031107679312002645e-01 6.366169592143107181e-01
-4.480837451684951844e+00 -9.031589219928087831e-01 6.360822941167477707e-01
-4.467531041271213255e+00 -9.031982892104873928e-01 6.355466228212321989e-01
-4.454224630857474665e+00 -9.032286976929253530e-01 6.350099447979924427e-01
-4.440918220443736075e+00 -9.032499732563709083e-01 6.344722596404198667e-01
-4.427611810029997486e+00 -9.032619394023910786e-01 6.339335670683974300e-01
-4.414305399616258896e+00 -9.032644172956161288e-01 6.333938669316876435e-01
-4.400998989202520306e+00 -9.032572257414516192e-01 6.328531592133712635e-01
-4.387692578788781717e+00 -9.032401811637887912e-01 6.323114440333439390e-01
-4.374386168375043127e+00 -9.032130975827020736e-01 6.317687216518705906e-01
-4.361079757961304537e+00 -9.031757865921499207e-01 6.312249924731960782e-01
-4.347773347547565947e+00 -9.031280573376903043e-01 6.306802570492080484e-01
-4.334466937133827358e+00 -9.030697164942169675e-01 6.301345160831639536e-01
-4.321160526720088768e+00 -9.030005682437244330e-01 6.295877704334705838e-01
-4.307854116306351067e+00 -9.029204142531117583e-01 6.290400211175224410e-01
-4.294547705892612477e+00 -9.028290536520424681e-01 6.284912693155990659e-01
-4.281241295478873887e+00 -9.027262830108603309e-01 6.279415163748156559e-01
-4.267934885065135298e+00 -9.026118963185800759e-01 6.273907638131372977e-01
-4.254628474651396708e+00 -9.024856849609632636e-01 6.268390133234469364e-01
-4.241322064237658118e+00 -9.023474376986873047e-01 6.262862667776726289e-01
-4.228015653823919529e+00 -9.021969406456269436e-01 6.257325262309721969e-01
-4.214709243410180939e+00 -9.020339772472520945e-01 6.251777939259764993e-01
-4.201402832996442349e+00 -9.018583282591785544e-01 6.246220722970887707e-01
-4.188096422582703759e+00 -9.016697717258349565e-01 6.240653639748446890e-01
-4.174790012168965170e+00 -9.014680829593287870e-01 6.235076717903226262e-01
-4.161483601755226580e+00 -9.012530345184777136e-01 6.229489987796212880e-01
-4.148177191341488879e+00 -9.010243961880294306e-01 6.223893481883845391e-01
-4.134870780927750289e+00 -9.007819349581120960e-01 6.218287234763876237e-01
-4.121564370514011699e+00 -9.005254150038911609e-01 6.212671283221807839e-01
-4.108257960100273110e+00 -9.002545976655003113e-01 6.207045666277829499e-01
-4.094951549686534520e+00 -8.999692414282106645e-01 6.201410425234333834e-01
-4.081645139272795930e+00 -8.996691019029069425e-01 6.195765603724012749e-01
-4.068338728859057341e+00 -8.993539318068570765e-01 6.190111247758419699e-01
-4.055032318445318751e+00 -8.990234809448104381e-01 6.184447405777137030e-01
-4.041725908031580161e+00 -8.986774961904465675e-01 6.178774128697408496e-01
-4.028419497617841571e+00 -8.983157214681842806e-01 6.173091469964296918e-01
-4.015113087204102982e+00 -8.979378977353930091e-01 6.167399485601409159e-01
-4.001806676790364392e+00 -8.975437629650182547e-01 6.161698234262017460e-01
-3.988500266376625802e+00 -8.971330521286381421e-01 6.155987777280713669e-01
-3.975193855962887657e+00 -8.967054971800149099e-01 6.150268178725611934e-01
-3.961887445549149067e+00 -8.962608270390989285e-01 6.144539505450832273e-01
-3.948581035135410477e+00 -8.957987675765923807e-01 6.138801827149628076e-01
-3.935274624721671888e+00 -8.953190415990435191e-01 6.133055216407802268e-01
-3.921968214307933298e+00 -8.948213688345220129e-01 6.127299748757614184e-01
-3.908661803894194708e+00 -8.943054659189125788e-01 6.121535502732052825e-01
-3.895355393480456119e+00 -8.937710463828490992e-01 6.115762559919527552e-01
-3.882048983066717973e+00 -8.932178206393148745e-01 6.109981005018900735e-01
-3.868742572652979383e+00 -8.926454959719736237e-01 6.104190925894851238e-01
-3.855436162239240794e+00 -8.920537765242221306e-01 6.098392413633579867e-01
-3.842129751825502204e+00 -8.914423632890455806e-01 6.092585562598845650e-01
-3.828823341411763614e+00 -8.908109540996792530e-01 6.086770470488208629e-01
-3.815516930998025025e+00 -8.901592436211428483e-01 6.080947238389606824e-01
-3.802210520584286435e+00 -8.894869233426645483e-01 6.075115970838085300e-01
-3.788904110170547845e+00 -8.887936815710537619e-01 6.069276775872797236e-01
-3.775597699756809700e+00 -8.880792034250630795e-01 6.063429765094107138e-01
-3.762291289343071110e+00 -8.873431708307776278e-01 6.057575053720892777e-01
-3.748984878929332520e+00 -8.865852625180834501e-01 6.051712760647925959e-01
-3.735678468515593931e+00 -8.858051540182689809e-01 6.045843008503313243e-01
-3.722372058101855341e+00 -8.850025176628013579e-01 6.039965923706034356e-01
-3.709065647688116751e+00 -8.841770225833309738e-01 6.034081636523389580e-01
-3.695759237274378162e+00 -8.833283347129804453e-01 6.028190281128503747e-01
-3.682452826860640016e+00 -8.824561167889710678e-01 6.022291995657725883e-01
-3.669146416446901426e+00 -8.815600283566542572e-01 6.016386922267832338e-01
-3.655840006033162837e+00 -8.806397257749888352e-01 6.010475207193185510e-01
-3.642533595619424247e+00 -8.796948622235422066e-01 6.004557000802611677e-01
-3.629227185205685657e+00 -8.787250877110676095e-01 5.998632457655997952e-01
-3.615920774791947068e+00 -8.777300490857341542e-01 5.992701736560650527e-01
-3.602614364378208478e+00 -8.767093900470716017e-01 5.986765000627206623e-01
-3.589307953964469888e+00 -8.756627511596883906e-01 5.980822417325188933e-01
-3.576001543550731743e+00 -8.745897698688778199e-01 5.974874158538062696e-01
-3.562695133136993153e+00 -8.734900805181101680e-01 5.968920400617696576e-01
-3.549388722723254563e+00 -8.723633143685909364e-01 5.962961324438339483e-01
-3.536082312309515974e+00 -8.712090996208640137e-01 5.956997115449801372e-01
-3.522775901895777384e+00 -8.700270614386178547e-01 5.951027963729987880e-01
-3.509469491482038794e+00 -8.688168219747364196e-01 5.945054064036575658e-01
-3.496163081068300205e+00 -8.675780003997072276e-01 5.939075615857837276e-01
-3.482856670654562059e+00 -8.663102129324676826e-01 5.933092823462476906e-01
-3.469550260240823469e+00 -8.650130728737832619e-01 5.927105895948451275e-01
-3.456243849827084880e+00 -8.636861906422625967e-01 5.921115047290644862e-01
-3.442937439413346290e+00 -8.623291738131055872e-01 5.915120496387349380e-01
-3.429631028999607700e+00 -8.609416271596880277e-01 5.909122467105440979e-01
-3.416324618585869111e+00 -8.595231526980865455e-01 5.903121188324137458e-01
-3.403018208172130521e+00 -8.580733497346791916e-01 5.897116893977356611e-01
-3.389711797758391931e+00 -8.565918149168957330e-01 5.891109823094301534e-01
-3.376405387344653786e+00 -8.550781422872671955e-01 5.885100219838542701e-01
-3.363098976930915196e+00 -8.535319233408974471e-01 5.879088333545183787e-01
-3.349792566517176606e+00 -8.519527470864568519e-01 5.873074418756137893e-01
-3.336486156103438017e+00 -8.503402001108655295e-01 5.867058735253369850e-01
-3.323179745689699427e+00 -8.486938666477599202e-01 5.861041548089954700e-01
-3.309873335275960837e+00 -8.470133286499270664e-01 5.855023127618921297e-01
-3.296566924862222248e+00 -8.452981658658034192e-01 5.849003749519603446e-01
-3.283260514448483658e+00 -8.435479559202313515e-01 5.842983694821527463e-01
-3.269954104034745512e+00 -8.417622743995795132e-01 5.836963249925521957e-01
-3.256647693621006923e+00 -8.399406949414365275e-01 5.830942706622094240e-01
-3.243341283207268333e+00 -8.380827893289896080e-01 5.824922362106759177e-01
-3.230034872793529743e+00 -8.361881275902950383e-01 5.818902518992277173e-01
-3.216728462379791154e+00 -8.342562781025978369e-01 5.812883485317577037e-01
-3.203422051966052564e+00 -8.322868077018712452e-01 5.806865574553231601e-01
-3.190115641552313974e+00 -8.302792817977761031e-01 5.800849105603316236e-01
-3.176809231138575829e+00 -8.282332644942178579e-01 5.794834402803449303e-01
-3.163502820724837239e+00 -8.261483187157137031e-01 5.788821795914848023e-01
-3.150196410311098649e+00 -8.240240063397409331e-01 5.782811620114227669e-01
-3.136889999897360060e+00 -8.218598883353133155e-01 5.776804215979337576e-01
-3.123583589483621470e+00 -8.196555249079672256e-01 5.770799929469890843e-01
-3.110277179069882880e+00 -8.174104756513915770e-01 5.764799111903758932e-01
-3.096970768656144291e+00 -8.151242997059414686e-01 5.758802119928155827e-01
-3.083664358242405701e+00 -8.127965559242452676e-01 5.752809315485671871e-01
-3.070357947828667555e+00 -8.104268030441633686e-01 5.746821065774747606e-01
-3.057051537414928966e+00 -8.080145998693478715e-01 5.740837743204602051e-01
-3.043745127001190376e+00 -8.055595054576547565e-01 5.734859725344202408e-01
-3.030438716587451786e+00 -8.030610793176647944e-01 5.728887394865050942e-01
-3.017132306173713197e+00 -8.005188816136061813e-01 5.722921139477574748e-01
-3.003825895759974607e+00 -7.979324733789415758e-01 5.716961351860841978e-01
-2.990519485346236017e+00 -7.953014167389099720e-01 5.711008429585292534e-01
-2.977213074932497872e+00 -7.926252751423312759e-01 5.705062775028252320e-01
-2.963906664518759282e+00 -7.899036136029579103e-01 5.699124795281900191e-01
-2.950600254105020692e+00 -7.871359989507078492e-01 5.693194902053435591e-01
-2.937293843691282103e+00 -7.843220000931038216e-01 5.687273511557068284e-01
-2.923987433277543513e+00 -7.814611882872141146e-01 5.681361044397621463e-01
-2.910681022863804923e+00 -7.785531374224979873e-01 5.675457925445270835e-01
-2.897374612450066333e+00 -7.755974243148469061e-01 5.669564583701250937e-01
-2.884068202036327744e+00 -7.725936290122211725e-01 5.663681452154066820e-01
-2.870761791622589598e+00 -7.695413351122383228e-01 5.657808967625889141e-01
-2.857455381208851009e+00 -7.664401300921024340e-01 5.651947570608778504e-01
-2.844148970795112419e+00 -7.632896056512559202e-01 5.646097705090370455e-01
-2.830842560381373829e+00 -7.600893580671636007e-01 5.640259818368608125e-01
-2.817536149967635239e+00 -7.568389885646347182e-01 5.634434360855117285e-01
-2.804229739553896650e+00 -7.535381036991424253e-01 5.628621785866908533e-01
-2.790923329140158060e+00 -7.501863157545057836e-01 5.622822549405795955e-01
-2.777616918726419915e+00 -7.467832431554578543e-01 5.617037109925360205e-01
-2.764310508312681325e+00 -7.433285108955167697e-01 5.611265928084772092e-01
-2.751004097898942735e+00 -7.398217509806304104e-01 5.605509466489170256e-01
-2.737697687485204145e+00 -7.362626028890972840e-01 5.599768189416073350e-01
-2.724391277071465556e+00 -7.326507140482523273e-01 5.594042562527327123e-01
-2.711084866657726966e+00 -7.289857403284073500e-01 5.588333052566191173e-01
-2.697778456243988376e+00 -7.252673465545921294e-01 5.582640127038882571e-01
-2.684472045830249787e+00 -7.214952070366221770e-01 5.576964253880307698e-01
-2.671165635416511641e+00 -7.176690061180193148e-01 5.571305901103112967e-01
-2.657859225002773051e+00 -7.137884387443778067e-01 5.565665536429933447e-01
-2.644552814589034462e+00 -7.098532110517193905e-01 5.560043626907830161e-01
-2.631246404175295872e+00 -7.058630409754454993e-01 5.554440638504708483e-01
-2.617939993761557282e+00 -7.018176588804535543e-01 5.548857035686901584e-01
-2.604633583347818693e+00 -6.977168082130840165e-01 5.543293280977411586e-01
-2.591327172934080103e+00 -6.935602461754514225e-01 5.537749834494163359e-01
-2.578020762520341957e+00 -6.893477444228846007e-01 5.532227153467611513e-01
-2.564714352106603368e+00 -6.850790897850382866e-01 5.526725691737118806e-01
-2.551407941692864778e+00 -6.807540850114309761e-01 5.521245899225341036e-01
-2.538101531279126188e+00 -6.763725495420184197e-01 5.515788221390016677e-01
-2.524795120865387599e+00 -6.719343203035490486e-01 5.510353098652368553e-01
-2.511488710451649009e+00 -6.674392525323803449e-01 5.504940965801499164e-01
-2.498182300037910419e+00 -6.628872206244874610e-01 5.499552251373981404e-01
-2.484875889624171830e+00 -6.582781190134089355e-01 5.494187377007856421e-01
-2.471569479210433684e+00 -6.536118630768624760e-01 5.488846756770312529e-01
-2.458263068796695094e+00 -6.488883900728004139e-01 5.483530796458262468e-01
-2.444956658382956505e+00 -6.441076601057065254e-01 5.478239892870897521e-01
-2.431650247969217915e+00 -6.392696571238559722e-01 5.472974433053566790e-01
-2.418343837555479325e+00 -6.343743899484302062e-01 5.467734793511890290e-01
-2.405037427141740736e+00 -6.294218933352233591e-01 5.462521339395413067e-01
-2.391731016728002146e+00 -6.244122290698117528e-01 5.457334423649812249e-01
-2.378424606314264000e+00 -6.193454870970074300e-01 5.452174386136741102e-01
-2.365118195900525411e+00 -6.142217866854451369e-01 5.447041552720371937e-01
-2.351811785486786821e+00 -6.090412776281707297e-01 5.441936234319625365e-01
-2.338505375073048231e+00 -6.038041414800929818e-01 5.436858725925169944e-01
-2.325198964659309642e+00 -5.985105928331883041e-01 5.431809305580052039e-01
-2.311892554245571052e+00 -5.931608806303225734e-01 5.426788233322988875e-01
-2.298586143831832462e+00 -5.877552895186382020e-01 5.421795750093201249e-01
-2.285279733418093873e+00 -5.822941412433331188e-01 5.416832076595717860e-01
-2.271973323004355727e+00 -5.767777960828458506e-01 5.411897412125920015e-01
-2.258666912590617137e+00 -5.712066543262505069e-01 5.406991933352235380e-01
-2.245360502176878548e+00 -5.655811577938755219e-01 5.402115793055806137e-01
-2.232054091763139958e+00 -5.599017914020183451e-01 5.397269118825717138e-01
-2.218747681349401368e+00 -5.541690847727079872e-01 5.392452011708727122e-01
-2.205441270935662779e+00 -5.483836138894191414e-01 5.387664544812041933e-01
-2.192134860521924189e+00 -5.425460027997118795e-01 5.382906761857818578e-01
-2.178828450108186043e+00 -5.366569253656584548e-01 5.378178675688003452e-01
-2.165522039694447454e+00 -5.307171070630322118e-01 5.373480266718103637e-01
-2.152215629280708864e+00 -5.247273268301585469e-01 5.368811481338331415e-01
-2.138909218866970274e+00 -5.186884189673129919e-01 5.364172230260676466e-01
-2.125602808453231685e+00 -5.126012750876175472e-01 5.359562386810245993e-01
-2.112296398039493095e+00 -5.064668461202678218e-01 5.354981785159321772e-01
-2.098989987625754505e+00 -5.002861443669947006e-01 5.350430218502360002e-01
-2.085683577212015916e+00 -4.940602456126208519e-01 5.345907437170278609e-01
-2.072377166798277770e+00 -4.877902912905297539e-01 5.341413146682115753e-01
-2.059070756384539180e+00 -4.814774907038753549e-01 5.336947005732287641e-01
-2.045764345970800591e+00 -4.751231233033121892e-01 5.332508624111463869e-01
-2.032457935557062001e+00 -4.687285410220211057e-01 5.328097560558973100e-01
-2.019151525143323411e+00 -4.622951706687363771e-01 5.323713320544758432e-01
-2.005845114729584822e+00 -4.558245163794699684e-01 5.319355353978670875e-01
-1.992538704315846232e+00 -4.493181621285951000e-01 5.315023052844711771e-01
-1.979232293902107642e+00 -4.427777742998755262e-01 5.310715748758112476e-01
-1.965925883488369053e+00 -4.362051043179800969e-01 5.306432710442492429e-01
-1.952619473074630463e+00 -4.296019913410177304e-01 5.302173141124815192e-01
-1.939313062660891873e+00 -4.229703650144777116e-01 5.297936175845243678e-01
-1.926006652247154172e+00 -4.163122482869680008e-01 5.293720878679258890e-01
-1.912700241833415582e+00 -4.096297602880355493e-01 5.289526239869017932e-01
-1.899393831419676992e+00 -4.029251192682610228e-01 5.285351172860939251e-01
-1.886087421005938403e+00 -3.962006456017657108e-01 5.281194511246324330e-01
-1.872781010592199813e+00 -3.894587648511249611e-01 5.277055005601638538e-01
-1.859474600178461223e+00 -3.827020108946104227e-01 5.272931320224990559e-01
-1.846168189764722634e+00 -3.759330291155511539e-01 5.268822029765040105e-01
-1.832861779350984044e+00 -3.691545796534599910e-01 5.264725615738600206e-01
-1.819555368937245454e+00 -3.623695407164657656e-01 5.260640462932734129e-01
-1.806248958523506865e+00 -3.555809119544108832e-01 5.256564855687213544e-01
-1.792942548109768275e+00 -3.487918178918041345e-01 5.252496974052781598e-01
-1.779636137696029685e+00 -3.420055114196567381e-01 5.248434889820564608e-01
-1.766329727282291095e+00 -3.352253773450246666e-01 5.244376562417643051e-01
-1.753023316868552506e+00 -3.284549359968373938e-01 5.240319834663612619e-01
-1.739716906454813916e+00 -3.216978468864064578e-01 5.236262428382637557e-01
-1.726410496041076215e+00 -3.149579124206958181e-01 5.232201939865293028e-01
-1.713104085627337625e+00 -3.082390816661978450e-01 5.228135835174019252e-01
-1.699797675213599035e+00 -3.015454541609261518e-01 5.224061445285955729e-01
-1.686491264799860446e+00 -2.948812837717255109e-01 5.219975961066327663e-01
-1.673184854386121856e+00 -2.882509825936927506e-01 5.215876428065394643e-01
-1.659878443972383266e+00 -2.816591248881782361e-01 5.211759741131550827e-01
-1.646572033558644677e+00 -2.751104510553080695e-01 5.207622638832717366e-01
-1.633265623144906087e+00 -2.686098716366019934e-01 5.203461697677865816e-01
-1.619959212731167497e+00 -2.621624713426293773e-01 5.199273326130088302e-01
-1.606652802317428907e+00 -2.557735131001956930e-01 5.195053758402146116e-01
-1.593346391903690318e+00 -2.494484421128424778e-01 5.190799048024997697e-01
-1.580039981489951728e+00 -2.431928899278327505e-01 5.186505061179503828e-01
-1.566733571076213138e+00 -2.370126785020170990e-01 5.182167469780707414e-01
-1.553427160662474549e+00 -2.309138242582079725e-01 5.177781744304064127e-01
-1.540120750248735959e+00 -2.249025421227603683e-01 5.173343146342089804e-01
-1.526814339834998258e+00 -2.189852495341697847e-01 5.168846720879683998e-01
-1.513507929421259668e+00 -2.131685704113567559e-01 5.164287288275856147e-01
-1.500201519007521078e+00 -2.074593390692463235e-01 5.159659435938956928e-01
-1.486895108593782489e+00 -2.018646040679135389e-01 5.154957509682257522e-01
-1.473588698180043899e+00 -1.963916319802570254e-01 5.150175604746137781e-01
-1.460282287766305309e+00 -1.910479110616210285e-01 5.145307556472707988e-01
-1.446975877352566719e+00 -1.858411548031494165e-01 5.140346930618379107e-01
-1.433669466938828130e+00 -1.807793053488395418e-01 5.135287013289413505e-01
-1.420363056525089540e+00 -1.758705367543670628e-01 5.130120800485357124e-01
-1.407056646111350950e+00 -1.711232580634850786e-01 5.124840987234778877e-01
-1.393750235697612361e+00 -1.665461161755683317e-01 5.119439956307789696e-01
-1.380443825283873771e+00 -1.621479984752347836e-01 5.113909766489640463e-01
-1.367137414870135181e+00 -1.579380351921985393e-01 5.108242140399726905e-01
-1.353831004456396592e+00 -1.539256014564332198e-01 5.102428451840638202e-01
-1.340524594042658002e+00 -1.501203190104160312e-01 5.096459712662069208e-01
-1.327218183628920301e+00 -1.465320575365387235e-01 5.090326559125001316e-01
-1.313911773215181711e+00 -1.431709355538123007e-01 5.084019237752434028e-01
-1.300605362801443121e+00 -1.400473208336882325e-01 5.077527590653759804e-01
-1.287298952387704531e+00 -1.371718302800692124e-01 5.070841040311223624e-01
-1.273992541973965942e+00 -1.345553292134670509e-01 5.063948573818692900e-01
-1.260686131560227352e+00 -1.322089299936969053e-01 5.056838726564741870e-01
-1.247379721146488762e+00 -1.301439899094351815e-01 5.049499565354648167e-01
-1.234073310732750173e+00 -1.283721082563705485e-01 5.041918670968787985e-01
-1.220766900319011583e+00 -1.269051225185775233e-01 5.034083120158454605e-01
-1.207460489905272993e+00 -1.257551035600150968e-01 5.025979467084181751e-01
-1.194154079491534404e+00 -1.249343497246448165e-01 5.017593724206488304e-01
-1.180847669077795814e+00 -1.244553797347243973e-01 5.008911342644740694e-01
-1.167541258664057224e+00 -1.243309242669989600e-01 4.999917192025974955e-01
-1.154234848250318635e+00 -1.245739160760539754e-01 4.990595539853387996e-01
-1.140928437836580045e+00 -1.251974785227967513e-01 4.980930030432497158e-01
-1.127622027422842343e+00 -1.262149123538585382e-01 4.970903663402743144e-01
-1.114315617009103754e+00 -1.276396805647514177e-01 4.960498771933554707e-01
-1.101009206595365164e+00 -1.294853911656237699e-01 4.949697000656093637e-01
-1.087702796181626574e+00 -1.317657776536476921e-01 4.938479283416294940e-01
-1.074396385767887985e+00 -1.344946769801501352e-01 4.926825820950318513e-01
-1.061089975354149395e+00 -1.376860047838693590e-01 4.914716058601460991e-01
-1.047783564940410805e+00 -1.413537276437562273e-01 4.902128664216987564e-01
-1.034477154526672216e+00 -1.455118320859607184e-01 4.889041506385278235e-01
-1.021170744112933626e+00 -1.501742900597947405e-01 4.875431633197904180e-01
-1.007864333699195036e+00 -1.553550205765666103e-01 4.861275251747643744e-01
-9.945579232854564466e-01 -1.610678471834956771e-01 4.846547708602898519e-01
-9.812515128717178570e-01 -1.673264509222328889e-01 4.831223471530740610e-01
-9.679451024579792673e-01 -1.741443183980756204e-01 4.815276112775945805e-01
-9.546386920442406776e-01 -1.815346845619559557e-01 4.798678294241124909e-01
-9.413322816305020879e-01 -1.895104697825040485e-01 4.781401754954197059e-01
-9.280258712167643864e-01 -1.980842107607031777e-01 4.763417301253921599e-01
-9.147194608030257967e-01 -2.072679848144189096e-01 4.744694800171763149e-01
-9.014130503892872071e-01 -2.170733270352313837e-01 4.725203176539591321e-01
-8.881066399755486174e-01 -2.275111397955208725e-01 4.704910414407356689e-01
-8.748002295618100277e-01 -2.385915940601272822e-01 4.683783563413076445e-01
-8.614938191480714380e-01 -2.503240219346258844e-01 4.661788750808953385e-01
-8.481874087343328483e-01 -2.627167998616979361e-01 4.638891199913171004e-01
-8.348809983205942586e-01 -2.757772218590056612e-01 4.615055255825136205e-01
-8.215745879068556690e-01 -2.895113621767655410e-01 4.590244419314903346e-01
-8.082681774931170793e-01 -3.039239267420090762e-01 4.564421389872988510e-01
-7.949617670793784896e-01 -3.190180927496105712e-01 4.537548118986534096e-01
-7.816553566656398999e-01 -3.347953357589423806e-01 4.509585874790559279e-01
-7.683489462519013102e-01 -3.512552436600144823e-01 4.480495319329894643e-01
-7.550425358381627206e-01 -3.683953168855699234e-01 4.450236599757390610e-01
-7.417361254244241309e-01 -3.862107542665668136e-01 4.418769454887895853e-01
-7.284297150106855412e-01 -4.046942239591940771e-01 4.386053338625073850e-01
-7.151233045969478397e-01 -4.238356189129857121e-01 4.352047561879109350e-01
-7.018168941832092500e-01 -4.436217964029968153e-01 4.316711454697803041e-01
-6.885104837694706603e-01 -4.640363012153115863e-01 4.280004550441029454e-01
-6.752040733557320706e-01 -4.850590721556383711e-01 4.241886793937634237e-01
-6.618976629419934810e-01 -5.066661316460214781e-01 4.202318775673905549e-01
-6.485912525282548913e-01 -5.288292582857426760e-01 4.161261994170667444e-01
-6.352848421145163016e-01 -5.515156423796717666e-01 4.118679148807886103e-01
-6.219784317007777119e-01 -5.746875245808583665e-01 4.074534465447204878e-01
-6.086720212870391222e-01 -5.983018179538567294e-01 4.028794057273996643e-01
-5.953656108733005325e-01 -6.223097139406362777e-01 3.981426323322398986e-01
-5.820592004595619429e-01 -6.466562729006947174e-01 3.932402387142939770e-01
-5.687527900458233532e-01 -6.712800000994529892e-01 3.881696578003858700e-01
-5.554463796320847635e-01 -6.961124082320173656e-01 3.829286956858162227e-01
-5.421399692183461738e-01 -7.210775677896331670e-01 3.775155889026705625e-01
-5.288335588046075841e-01 -7.460916468001181912e-01 3.719290665103936466e-01
-5.155271483908698826e-01 -7.710624416967540862e-01 3.661684170939307204e-01
-5.022207379771312930e-01 -7.958889012877222724e-01 3.602335606629065157e-01
-4.889143275633927033e-01 -8.204606460047045857e-01 3.541251253207334804e-01
-4.756079171496541136e-01 -8.446574847998966629e-01 3.478445284084888955e-01
-4.623015067359155239e-01 -8.683489322306231495e-01 3.413940616179621523e-01
-4.489950963221769342e-01 -8.913937284175945663e-01 3.347769793048933629e-01
-4.356886859084383445e-01 -9.136393646872561503e-01 3.279975889117350829e-01
-4.223822754946997549e-01 -9.349216178175162595e-01 3.210613420260798878e-01
-4.090758650809611652e-01 -9.550640959155350940e-01 3.139749241566963112e-01
-3.957694546672225755e-01 -9.738777990978716437e-01 3.067463408096428035e-01
-3.824630442534839858e-01 -9.911606983708382002e-01 2.993849969053067883e-01
-3.691566338397453961e-01 -1.006697336510201657e+00 2.919017660161695171e-01
-3.558502234260068064e-01 -1.020258455449836177e+00 2.843090453590919608e-01
-3.425438130122682168e-01 -1.031600655912096709e+00 2.766207919934468573e-01
-3.292374025985296271e-01 -1.040466097044739469e+00 2.688525353212949387e-01
-3.159309921847919256e-01 -1.046582247091114137e+00 2.610213608375452909e-01
-3.026245817710533359e-01 -1.049661701194320784e+00 2.531458602306850270e-01
-2.893181713573147462e-01 -1.049402090105983953e+00 2.452460434928769584e-01
-2.760117609435761565e-01 -1.045486114860195714e+00 2.373432097704688826e-01
-2.627053505298375669e-01 -1.037581758670122811e+00 2.294597753740031665e-01
-2.493989401160989772e-01 -1.025342749949374799e+00 2.216190597500858894e-01
-2.360925297023603875e-01 -1.008409381168033692e+00 2.138450333330584319e-01
-2.227861192886217978e-01 -9.864098289149602072e-01 2.061620350103983978e-01
-2.094797088748832081e-01 -9.589621723235993711e-01 1.985944713186205135e-01
-1.961732984611446184e-01 -9.256773700859733944e-01 1.911665141612578778e-01
-1.828668880474060288e-01 -8.861635285769483561e-01 1.839018183458340505e-01
-1.695604776336674391e-01 -8.400318692911891150e-01 1.768232838788397210e-01
-1.562540672199288494e-01 -7.869048711594256451e-01 1.699528897779365721e-01
-1.429476568061902597e-01 -7.264271025384821945e-01 1.633116249438527345e-01
-1.296412463924516700e-01 -6.582792390268825677e-01 1.569195360068954270e-01
-1.163348359787139685e-01 -5.821956471037109671e-01 1.507959007450204170e-01
-1.030284255649753788e-01 -4.979856542233126460e-01 1.449595179485191898e-01
-8.972201515123678917e-02 -4.055581817982505388e-01 1.394290810360087618e-01
-7.641560473749819948e-02 -3.049487691413391710e-01 1.342235759407672258e-01
-6.310919432375960980e-02 -1.963471923376942374e-01 1.293626190686328892e-01
-4.980278391002102012e-02 -8.012298487448646367e-02 1.248666361828041083e-01
-3.649637349628243044e-02 4.315461192983807703e-02 1.207567864074507585e-01
-2.318996308254384076e-02 1.727061368584189016e-01 1.170545633235816896e-01
-9.883552668805251074e-03 3.075444409602366980e-01 1.137810572920689434e-01
3.422857744933338608e-03 4.464927655631933945e-01 1.109559307107583631e-01
1.672926815867192829e-02 5.882189460910062229e-01 1.085962238228101173e-01
3.003567857241051797e-02 7.312838840379954908e-01 1.067151530417508598e-01
4.334208898614910765e-02 8.742000185515276245e-01 1.053210718660977652e-01
5.664849939988769734e-02 1.015493771840323411e+00 1.044167335993716472e-01
6.995490981362628702e-02 1.153765324961339322e+00 1.039989359088565185e-01
8.326132022736398852e-02 1.287739757815893782e+00 1.040585588299978714e-01
9.656773064110257820e-02 1.416305327889108678e+00 1.045809493156982656e-01
1.098741410548411679e-01 1.538536951886795734e+00 1.055465689668765583e-01
1.231805514685797576e-01 1.653705200487350924e+00 1.069318096253503159e-01
1.364869618823183473e-01 1.761272850440573912e+00 1.087098888332286850e-01
1.497933722960569369e-01 1.860882030140239340e+00 1.108517551399369749e-01
1.630997827097955266e-01 1.952335255686660886e+00 1.133269538394869880e-01
1.764061931235341163e-01 2.035573359665431070e+00 1.161044217125289241e-01
1.897126035372727060e-01 2.110652701968901646e+00 1.191531926127547963e-01
2.030190139510112957e-01 2.177723338265724173e+00 1.224430044392396943e-01
2.163254243647498853e-01 2.237009160290550636e+00 1.259448034552160534e-01
2.296318347784884750e-01 2.288790493745669785e+00 1.296311454953179565e-01
2.429382451922270647e-01 2.333389266583770549e+00 1.334764964231573425e-01
2.562446556059656544e-01 2.371156628323260129e+00 1.374574368069124697e-01
2.695510660197042441e-01 2.402462778554162348e+00 1.415527782758590758e-01
2.828574764334419456e-01 2.427688715780306428e+00 1.457436012481711229e-01
2.961638868471805353e-01 2.447219616836629363e+00 1.500132254438178991e-01
3.094702972609191249e-01 2.461439580508057112e+00 1.543471256291440163e-01
3.227767076746577146e-01 2.470727502285447130e+00 1.587328053055517552e-01
3.360831180883963043e-01 2.475453882021160457e+00 1.631596405944930328e-01
3.493895285021348940e-01 2.475978398369211408e+00 1.676187055153861849e-01
3.626959389158734837e-01 2.472648111696017281e+00 1.721025883817114965e-01
3.760023493296120733e-01 2.465796180442066277e+00 1.766052073430857960e-01
3.893087597433506630e-01 2.455740995176328489e+00 1.811216313481109896e-01
4.026151701570892527e-01 2.442785650496269056e+00 1.856479111287304418e-01
4.159215805708278424e-01 2.427217688148814112e+00 1.901809233042928149e-01
4.292279909845664321e-01 2.409309055831628132e+00 1.947182294251514623e-01
4.425344013983050218e-01 2.389316235500642094e+00 1.992579507408747952e-01
4.558408118120436114e-01 2.367480502968262179e+00 2.037986586817857881e-01
4.691472222257822011e-01 2.344028287352195150e+00 2.083392804631857276e-01
4.824536326395199026e-01 2.319171604694870936e+00 2.128790188289211294e-01
4.957600430532584923e-01 2.293108544949124195e+00 2.174172847112770812e-01
5.090664534669970820e-01 2.266023795625859094e+00 2.219536414644297517e-01
5.223728638807356717e-01 2.238089188819150088e+00 2.264877592987665222e-01
5.356792742944742614e-01 2.209464261150759334e+00 2.310193785773844433e-01
5.489856847082128510e-01 2.180296818489089627e+00 2.355482807127705913e-01
5.622920951219514407e-01 2.150723499171684594e+00 2.400742655042884255e-01
5.755985055356900304e-01 2.120870330963250616e+00 2.445971338729937272e-01
5.889049159494286201e-01 2.090853278174190422e+00 2.491166750702237531e-01
6.022113263631672098e-01 2.060778776302409909e+00 2.536326575539976647e-01
6.155177367769057994e-01 2.030744252291237117e+00 2.581448228383451116e-01
6.288241471906443891e-01 2.000838629059605189e+00 2.626528817227962720e-01
6.421305576043829788e-01 1.971142813391637549e+00 2.671565124011957004e-01
6.554369680181215685e-01 1.941730166600274199e+00 2.716553600303932003e-01
6.687433784318601582e-01 1.912666957626923292e+00 2.761490374104500489e-01
6.820497888455978597e-01 1.884012798425208635e+00 2.806371264894318984e-01
6.953561992593364494e-01 1.855821061616938827e+00 2.851191804583927958e-01
7.086626096730750390e-01 1.828139280513870757e+00 2.895947262467850059e-01
7.219690200868136287e-01 1.801009531678992470e+00 2.940632672661467328e-01
7.352754305005522184e-01 1.774468800262607004e+00 2.985242862814186382e-01
7.485818409142908081e-01 1.748549328396640012e+00 3.029772483155215301e-01
7.618882513280293978e-01 1.723278946968989089e+00 3.074216035145780901e-01
7.751946617417679875e-01 1.698681391131102281e+00 3.118567899191028170e-01
7.885010721555065771e-01 1.674776599918164077e+00 3.162822361012056493e-01
8.018074825692451668e-01 1.651581000383515629e+00 3.206973636398373628e-01
8.151138929829837565e-01 1.629107776668127228e+00 3.251015894158279518e-01
8.284203033967223462e-01 1.607367124442404815e+00 3.294943277162501460e-01
8.417267138104609359e-01 1.586366491171998572e+00 3.338749921438631807e-01
8.550331242241995255e-01 1.566110802671234925e+00 3.382429973322552130e-01
8.683395346379381152e-01 1.546602676417883071e+00 3.425977604710737645e-01
8.816459450516758167e-01 1.527842622110830773e+00 3.469387026485889480e-01
8.949523554654144064e-01 1.509829229958137731e+00 3.512652500209248463e-01
9.082587658791529961e-01 1.492559347186677154e+00 3.555768348187665628e-01
9.215651762928915858e-01 1.476028243266275908e+00 3.598728962033133083e-01
9.348715867066301755e-01 1.460229764340999381e+00 3.641528809837830671e-01
9.481779971203687651e-01 1.445156477357868008e+00 3.684162442089961575e-01
9.614844075341073548e-01 1.430799804379218942e+00 3.726624496454908342e-01
9.747908179478459445e-01 1.417150147558857931e+00 3.768909701543669555e-01
9.880972283615845342e-01 1.404197005254634867e+00 3.811012879786208618e-01
1.001403638775323124e+00 1.391929079740830577e+00 3.852928949521726154e-01
1.014710049189061714e+00 1.380334376973284538e+00 3.894652926411669713e-01
1.028016459602800303e+00 1.369400298848435060e+00 3.936179924274071928e-01
1.041322870016538893e+00 1.359113728384595543e+00 3.977505155430658967e-01
1.054629280430277483e+00 1.349461108240151308e+00 4.018623930650568332e-01
1.067935690844016072e+00 1.340428512968875552e+00 4.059531658766947770e-01
1.081242101257753774e+00 1.332001715397577613e+00 4.100223846035402353e-01
1.094548511671492363e+00 1.324166247495806026e+00 4.140696095295949841e-01
1.107854922085230953e+00 1.316907456091642725e+00 4.180944104993238875e-01
1.121161332498969543e+00 1.310210553771659736e+00 4.220963668103187572e-01
1.134467742912708133e+00 1.304060665287187559e+00 4.260750671007986767e-01
1.147774153326446722e+00 1.298442869773174468e+00 4.300301092355573451e-01
1.161080563740185312e+00 1.293342239070159660e+00 4.339611001934221557e-01
1.174386974153923902e+00 1.288743872424433334e+00 4.378676559587954542e-01
1.187693384567662491e+00 1.284632927826260040e+00 4.417494014193937280e-01
1.200999794981401081e+00 1.280994650231305432e+00 4.456059702718631055e-01
1.214306205395139671e+00 1.277814396896043814e+00 4.494370049365962183e-01
1.227612615808878260e+00 1.275077660043987482e+00 4.532421564827149307e-01
1.240919026222616850e+00 1.272770087066354527e+00 4.570210845638881803e-01
1.254225436636355440e+00 1.270877498447802623e+00 4.607734573653779475e-01
1.267531847050094029e+00 1.269385903595676490e+00 4.644989515624797227e-01
1.280838257463831731e+00 1.268281514739447502e+00 4.681972522902869138e-01
1.294144667877570321e+00 1.267550759055893206e+00 4.718680531245691978e-01
1.307451078291308910e+00 1.267180289164950846e+00 4.755110560733483704e-01
1.320757488705047500e+00 1.267156992131146298e+00 4.791259715786763684e-01
1.334063899118786090e+00 1.267467997096056953e+00 4.827125185279642627e-01
1.347370309532524679e+00 1.268100681658253404e+00 4.862704242741560101e-01
1.360676719946263269e+00 1.269042677108844552e+00 4.897994246639341687e-01
1.373983130360001859e+00 1.270281872622759600e+00 4.932992640731269085e-01
1.387289540773740448e+00 1.271806418498529601e+00 4.967696954484129290e-01
1.400595951187479038e+00 1.273604728532393260e+00 5.002104803544057399e-01
1.413902361601217628e+00 1.275665481606026441e+00 5.036213890251900471e-01
1.427208772014956217e+00 1.277977622561158988e+00 5.070022004193599496e-01
1.440515182428694807e+00 1.280530362428693003e+00 5.103527022776342958e-01
1.453821592842433397e+00 1.283313178074649841e+00 5.136726911821130059e-01
1.467128003256171986e+00 1.286315811320382752e+00 5.169619726162842932e-01
1.480434413669909688e+00 1.289528267589986621e+00 5.202203610248951060e-01
1.493740824083648278e+00 1.292940814133500593e+00 5.234476798728490143e-01
1.507047234497386867e+00 1.296543977870744602e+00 5.266437617023095319e-01
1.520353644911125457e+00 1.300328542896813433e+00 5.298084481872550322e-01
1.533660055324864047e+00 1.304285547687078051e+00 5.329415901847439629e-01
1.546966465738602636e+00 1.308406282036256085e+00 5.360430477822270001e-01
1.560272876152341226e+00 1.312682283763395574e+00 5.391126903402599924e-01
1.573579286566079816e+00 1.317105335211836259e+00 5.421503965300388250e-01
1.586885696979818405e+00 1.321667459570845971e+00 5.451560543652331781e-01
1.600192107393556995e+00 1.326360917043302390e+00 5.481295612276223528e-01
1.613498517807295585e+00 1.331178200881763196e+00 5.510708238861151687e-01
1.626804928221034174e+00 1.336112033313279435e+00 5.539797585087681275e-01
1.640111338634772764e+00 1.341155361371587862e+00 5.568562906674728863e-01
1.653417749048511354e+00 1.346301352653638261e+00 5.597003553350311522e-01
1.666724159462249943e+00 1.351543391015971984e+00 5.625118968743938463e-01
1.680030569875987645e+00 1.356875072224977608e+00 5.652908690198609198e-01
1.693336980289726235e+00 1.362290199573891414e+00 5.680372348501263602e-01
1.706643390703464824e+00 1.367782779478168731e+00 5.707509667530509256e-01
1.719949801117203414e+00 1.373347017059763697e+00 5.734320463821187541e-01
1.733256211530942004e+00 1.378977311729942423e+00 5.760804646045661892e-01
1.746562621944680593e+00 1.384668252779229114e+00 5.786962214412003647e-01
1.759869032358419183e+00 1.390414614982347974e+00 5.812793259979711635e-01
1.773175442772157773e+00 1.396211354225202150e+00 5.838297963893884779e-01
1.786481853185896362e+00 1.402053603160230200e+00 5.863476596539134444e-01
1.799788263599634952e+00 1.407936666895831745e+00 5.888329516614726478e-01
1.813094674013373542e+00 1.413856018724966024e+00 5.912857170132831408e-01
1.826401084427112131e+00 1.419807295897466570e+00 5.937060089341890112e-01
1.839707494840850721e+00 1.425786295440131912e+00 5.960938891577398646e-01
1.853013905254589311e+00 1.431788970028148977e+00 5.984494278042661319e-01
1.866320315668327900e+00 1.437811423911022235e+00 6.007727032522106603e-01
1.879626726082065602e+00 1.443849908895803225e+00 6.030638020030043567e-01
1.892933136495804192e+00 1.449900820389967038e+00 6.053228185397869776e-01
1.906239546909542781e+00 1.455960693506106018e+00 6.075498551802746006e-01
1.919545957323281371e+00 1.462026199230143764e+00 6.097450219241055125e-01
1.932852367737019961e+00 1.468094140654649715e+00 6.119084362949818168e-01
1.946158778150758550e+00 1.474161449278453162e+00 6.140402231779543696e-01
1.959465188564497140e+00 1.480225181373624466e+00 6.161405146521765630e-01
1.972771598978235730e+00 1.486282514420614209e+00 6.182094498194873333e-01
1.986078009391974319e+00 1.492330743612196198e+00 6.202471746291556842e-01
1.999384419805712909e+00 1.498367278426615545e+00 6.222538416991386656e-01
2.012690830219451499e+00 1.504389639270295120e+00 6.242296101342001968e-01
2.025997240633190088e+00 1.510395454190163189e+00 6.261746453412267988e-01
2.039303651046928678e+00 1.516382455655657546e+00 6.280891188420857363e-01
2.052610061460667268e+00 1.522348477410252698e+00 6.299732080843656323e-01
2.065916471874405858e+00 1.528291451392322475e+00 6.318270962503125254e-01
2.079222882288144447e+00 1.534209404724946157e+00 6.336509720643072052e-01
2.092529292701883037e+00 1.540100456774276871e+00 6.354450295991833642e-01
2.105835703115621627e+00 1.545962816275981755e+00 6.372094680817077528e-01
2.119142113529360216e+00 1.551794778529116403e+00 6.389444916975161037e-01
2.132448523943098806e+00 1.557594722656829411e+00 6.406503093957962580e-01
2.145754934356837396e+00 1.563361108933191579e+00 6.423271346940077065e-01
2.159061344770575985e+00 1.569092476175364625e+00 6.439751854829079969e-01
2.172367755184314575e+00 1.574787439200300732e+00 6.455946838321375836e-01
2.185674165598051388e+00 1.580444686345151339e+00 6.471858557966313485e-01
2.198980576011789978e+00 1.586062977050464395e+00 6.487489312240909411e-01
2.212286986425528568e+00 1.591641139505247438e+00 6.502841435637356504e-01
2.225593396839267157e+00 1.597178068352969493e+00 6.517917296765765034e-01
2.238899807253005747e+00 1.602672722457497034e+00 6.532719296473973314e-01
2.252206217666744337e+00 1.608124122727995875e+00 6.547249865986469741e-01
2.265512628080482926e+00 1.613531350001748077e+00 6.561511465064382431e-01
2.278819038494221516e+00 1.618893542983887546e+00 6.575506580188088535e-01
2.292125448907960106e+00 1.624209896242998052e+00 6.589237722764179628e-01
2.305431859321698695e+00 1.629479658261524744e+00 6.602707427358346370e-01
2.318738269735437285e+00 1.634702129539928661e+00 6.615918249955460295e-01
2.332044680149175875e+00 1.639876660753568860e+00 6.628872766248264936e-01
2.345351090562914464e+00 1.645002650961181256e+00 6.641573569955849798e-01
2.358657500976653054e+00 1.650079545863952557e+00 6.654023271172897491e-01
2.371963911390391644e+00 1.655106836114088820e+00 6.666224494750946361e-01
2.385270321804130234e+00 1.660084055671840808e+00 6.678179878712264816e-01
2.398576732217868823e+00 1.665010780209909669e+00 6.689892072697349867e-01
2.411883142631607413e+00 1.669886625564216409e+00 6.701363736446733776e-01
2.425189553045346003e+00 1.674711246229957595e+00 6.712597538317603973e-01
2.438495963459084592e+00 1.679484333901944737e+00 6.723596153835933453e-01
2.451802373872823182e+00 1.684205616058180421e+00 6.734362264284444732e-01
2.465108784286561772e+00 1.688874854585677543e+00 6.744898555326894751e-01
2.478415194700300361e+00 1.693491844447500227e+00 6.755207715668858359e-01
2.491721605114038951e+00 1.698056412390053227e+00 6.765292435755373424e-01
2.505028015527777541e+00 1.702568415689616366e+00 6.775155406505466438e-01
2.518334425941516130e+00 1.707027740937195670e+00 6.784799318083788444e-01
2.531640836355254720e+00 1.711434302860699752e+00 6.794226858709270234e-01
2.544947246768993310e+00 1.715788043183534839e+00 6.803440713500834569e-01
2.558253657182731899e+00 1.720088929518672316e+00 6.812443563360059962e-01
2.571560067596470489e+00 1.724336954297297275e+00 6.821238083890647230e-01
2.584866478010207302e+00 1.728532133731127240e+00 6.829826944354517870e-01
2.598172888423945892e+00 1.732674506807547532e+00 6.838212806664309973e-01
2.611479298837684482e+00 1.736764134316667985e+00 6.846398324411921976e-01
2.624785709251423071e+00 1.740801097909481232e+00 6.854386141932884424e-01
2.638092119665161661e+00 1.744785499186291222e+00 6.862178893406096769e-01
2.651398530078900251e+00 1.748717458814557979e+00 6.869779201988673867e-01
2.664704940492638841e+00 1.752597115675424977e+00 6.877189678985230481e-01
2.678011350906377430e+00 1.756424626038084025e+00 6.884412923051441702e-01
2.691317761320116020e+00 1.760200162761242249e+00 6.891451519431172068e-01
2.704624171733854610e+00 1.763923914520947100e+00 6.898308039226717092e-01
2.717930582147593199e+00 1.767596085063992684e+00 6.904985038701628719e-01
2.731236992561331789e+00 1.771216892486255245e+00 6.911485058615638444e-01
2.744543402975070379e+00 1.774786568535179132e+00 6.917810623590977537e-01
2.757849813388808968e+00 1.778305357935792141e+00 6.923964241509513728e-01
2.771156223802547558e+00 1.781773517739526191e+00 6.929948402940272478e-01
2.784462634216286148e+00 1.785191316695224462e+00 6.935765580596453539e-01
2.797769044630024737e+00 1.788559034641669765e+00 6.941418228821537584e-01
2.811075455043763327e+00 1.791876961921022193e+00 6.946908783103707963e-01
2.824381865457501917e+00 1.795145398812549642e+00 6.952239659618006939e-01
2.837688275871240506e+00 1.798364654986036371e+00 6.957413254795560276e-01
2.850994686284979096e+00 1.801535048974345798e+00 6.962431944919148519e-01
2.864301096698717686e+00 1.804656907664483612e+00 6.967298085744598746e-01
2.877607507112456275e+00 1.807730565806684231e+00 6.972014012147197404e-01
2.890913917526194865e+00 1.810756365540949986e+00 6.976582037792493640e-01
2.904220327939933455e+00 1.813734655940499652e+00 6.981004454830935790e-01
2.917526738353672044e+00 1.816665792571656723e+00 6.985283533615465057e-01
2.930833148767410634e+00 1.819550137069634976e+00 6.989421522441667811e-01
2.944139559181149224e+00 1.822388056729767669e+00 6.993420647309591676e-01
2.957445969594887814e+00 1.825179924113698116e+00 6.997283111706700254e-01
2.970752380008626403e+00 1.827926116670049783e+00 7.001011096411372536e-01
2.984058790422363217e+00 1.830627016369166915e+00 7.004606759316095443e-01
2.997365200836101806e+00 1.833283009351455384e+00 7.008072235269960926e-01
3.010671611249840396e+00 1.835894485588922098e+00 7.011409635939651608e-01
3.023978021663578986e+00 1.838461838559473094e+00 7.014621049688432031e-01
3.037284432077317575e+00 1.840985464933608373e+00 7.017708541472419403e-01
3.050590842491056165e+00 1.843465764273089391e+00 7.020674152753629826e-01
3.063897252904794755e+00 1.845903138741205263e+00 7.023519901429108314e-01
3.077203663318533344e+00 1.848297992824289748e+00 7.026247781775666335e-01
3.090510073732271934e+00 1.850650733064104436e+00 7.028859764409554067e-01
3.103816484146010524e+00 1.852961767800748394e+00 7.031357796260577775e-01
3.117122894559749113e+00 1.855231506925769214e+00 7.033743800560063875e-01
3.130429304973487703e+00 1.857460361645128399e+00 7.036019676842134585e-01
3.143735715387226293e+00 1.859648744251708674e+00 7.038187300957794434e-01
3.157042125800964882e+00 1.861797067907046355e+00 7.040248525101245880e-01
3.170348536214703472e+00 1.863905746432015453e+00 7.042205177847996600e-01
3.183654946628442062e+00 1.865975194106118007e+00 7.044059064204223342e-01
3.196961357042180651e+00 1.868005825475158144e+00 7.045811965666896048e-01
3.210267767455919241e+00 1.869998055166979034e+00 7.047465640294166001e-01
3.223574177869657831e+00 1.871952297715008928e+00 7.049021822785686009e-01
3.236880588283396420e+00 1.873868967389367146e+00 7.050482224572184320e-01
3.250186998697135010e+00 1.875748478035262234e+00 7.051848533914105710e-01
3.263493409110873600e+00 1.877591242918453585e+00 7.053122416008688056e-01
3.276799819524612190e+00 1.879397674577517385e+00 7.054305513105088021e-01
3.290106229938350779e+00 1.881168184682719069e+00 7.055399444627371563e-01
3.303412640352089369e+00 1.882903183901231126e+00 7.056405807304574340e-01
3.316719050765827959e+00 1.884603081768515986e+00 7.057326175307843119e-01
3.330025461179566548e+00 1.886268286565644825e+00 7.058162100394062000e-01
3.343331871593305138e+00 1.887899205202342667e+00 7.058915112055565988e-01
3.356638282007043728e+00 1.889496243105585060e+00 7.059586717675835343e-01
3.369944692420782317e+00 1.891059804113533804e+00 7.060178402690544530e-01
3.383251102834519131e+00 1.892590290374647877e+00 7.060691630753841430e-01
3.396557513248257720e+00 1.894088102251756167e+00 7.061127843909411617e-01
3.409863923661996310e+00 1.895553638230967675e+00 7.061488462766094543e-01
3.423170334075734900e+00 1.896987294835198234e+00 7.061774886677697483e-01
3.436476744489473489e+00 1.898389466542192761e+00 7.061988493926828481e-01
3.449783154903212079e+00 1.899760545706854931e+00 7.062130641912267581e-01
3.463089565316950669e+00 1.901100922487753753e+00 7.062202667339807505e-01
3.476395975730689258e+00 1.902410984777643144e+00 7.062205886416196288e-01
3.489702386144427848e+00 1.903691118137857963e+00 7.062141595045966502e-01
3.503008796558166438e+00 1.904941705736439062e+00 7.062011069030860178e-01
3.516315206971905027e+00 1.906163128289871000e+00 7.061815564271749501e-01
3.529621617385643617e+00 1.907355764008290544e+00 7.061556316972598113e-01
3.542928027799382207e+00 1.908519988544016499e+00 7.061234543846462985e-01
3.556234438213120796e+00 1.909656174943331619e+00 7.060851442323273774e-01
3.569540848626859386e+00 1.910764693601349151e+00 7.060408190759079883e-01
3.582847259040597976e+00 1.911845912219877874e+00 7.059905948646718610e-01
3.596153669454336566e+00 1.912900195768151956e+00 7.059345856827597965e-01
3.609460079868075155e+00 1.913927906446348581e+00 7.058729037704569720e-01
3.622766490281813745e+00 1.914929403651760120e+00 7.058056595455514115e-01
3.636072900695552335e+00 1.915905043947540465e+00 7.057329616247650650e-01
3.649379311109290924e+00 1.916855181033910061e+00 7.056549168452356247e-01
3.662685721523029514e+00 1.917780165721749919e+00 7.055716302860315370e-01
3.675992131936768104e+00 1.918680345908464702e+00 7.054832052896872208e-01
3.689298542350506693e+00 1.919556066556059815e+00 7.053897434837507197e-01
3.702604952764245283e+00 1.920407669671307271e+00 7.052913448023211407e-01
3.715911363177983873e+00 1.921235494287960588e+00 7.051881075075673300e-01
3.729217773591722462e+00 1.922039876450911233e+00 7.050801282112250101e-01
3.742524184005461052e+00 1.922821149202201818e+00 7.049675018960397388e-01
3.755830594419199642e+00 1.923579642568870263e+00 7.048503219371663464e-01
3.769137004832938231e+00 1.924315683552485723e+00 7.047286801235064235e-01
3.782443415246675045e+00 1.925029596120363840e+00 7.046026666789699799e-01
3.795749825660413634e+00 1.925721701198354063e+00 7.044723702836537260e-01
3.809056236074152224e+00 1.926392316665166193e+00 7.043378780949358653e-01
3.822362646487890814e+00 1.927041757348142426e+00 7.041992757684684134e-01
3.835669056901629403e+00 1.927670335020439829e+00 7.040566474790616036e-01
3.848975467315367993e+00 1.928278358399555525e+00 7.039100759414529396e-01
3.862281877729106583e+00 1.928866133147125517e+00 7.037596424309671139e-01
3.875588288142845173e+00 1.929433961869967629e+00 7.036054268040290438e-01
3.888894698556583762e+00 1.929982144122289078e+00 7.034475075185572246e-01
3.902201108970322352e+00 1.930510976409025137e+00 7.032859616542161962e-01
3.915507519384060942e+00 1.931020752190259593e+00 7.031208649325125792e-01
3.928813929797799531e+00 1.931511761886666401e+00 7.029522917367566626e-01
3.942120340211538121e+00 1.931984292885933652e+00 7.027803151318549046e-01
3.955426750625276711e+00 1.932438629550137232e+00 7.026050068839500007e-01
3.968733161039015300e+00 1.932875053223990891e+00 7.024264374798925292e-01
3.982039571452753890e+00 1.933293842243973160e+00 7.022446761465510612e-01
3.995345981866492480e+00 1.933695271948247640e+00 7.020597908699399703e-01
4.008652392280231069e+00 1.934079614687370441e+00 7.018718484141837077e-01
4.021958802693969659e+00 1.934447139835734131e+00 7.016809143402948923e-01
4.035265213107708249e+00 1.934798113803713582e+00 7.014870530247736546e-01
4.048571623521446838e+00 1.935132800050471058e+00 7.012903276780262374e-01
4.061878033935185428e+00 1.935451459097416116e+00 7.010908003625945240e-01
4.075184444348924018e+00 1.935754348542237491e+00 7.008885320111977180e-01
4.088490854762662607e+00 1.936041723073536946e+00 7.006835824445843963e-01
4.101797265176401197e+00 1.936313834485980045e+00 7.004760103891970457e-01
4.115103675590139787e+00 1.936570931695966058e+00 7.002658734946367591e-01
4.128410086003878376e+00 1.936813260757793698e+00 7.000532283509359743e-01
4.141716496417616966e+00 1.937041064880256069e+00 6.998381305056418089e-01
4.155022906831355556e+00 1.937254584443698580e+00 6.996206344806935595e-01
4.168329317245094146e+00 1.937454057017456766e+00 6.994007937891058013e-01
4.181635727658830959e+00 1.937639717377691362e+00 6.991786609514597517e-01
4.194942138072569549e+00 1.937811797525578417e+00 6.989542875121907972e-01
4.208248548486308138e+00 1.937970526705830032e+00 6.987277240556735158e-01
4.221554958900046728e+00 1.938116131425533739e+00 6.984990202221189604e-01
4.234861369313785318e+00 1.938248835473288523e+00 6.982682247232651074e-01
4.248167779727523907e+00 1.938368859938613742e+00 6.980353853578670220e-01
4.261474190141262497e+00 1.938476423231605184e+00 6.978005490269961753e-01
4.274780600555001087e+00 1.938571741102842916e+00 6.975637617491368125e-01
4.288087010968739676e+00 1.938655026663497427e+00 6.973250686750820382e-01
4.301393421382478266e+00 1.938726490405654479e+00 6.970845141026363878e-01
4.314699831796216856e+00 1.938786340222820481e+00 6.968421414911241119e-01
4.328006242209955445e+00 1.938834781430588849e+00 6.965979934756929559e-01
4.341312652623694035e+00 1.938872016787466901e+00 6.963521118814336441e-01
4.354619063037432625e+00 1.938898246515847967e+00 6.961045377372929721e-01
4.367925473451171214e+00 1.938913668323089201e+00 6.958553112898081539e-01
4.381231883864909804e+00 1.938918477422729048e+00 6.956044720166318918e-01
4.394538294278648394e+00 1.938912866555776437e+00 6.953520586398823644e-01
4.407844704692386983e+00 1.938897026012098124e+00 6.950981091392908207e-01
4.421151115106125573e+00 1.938871143651885287e+00 6.948426607651689846e-01
4.434457525519864163e+00 1.938835404927172101e+00 6.945857500511857241e-01
4.447763935933602752e+00 1.938789992903417581e+00 6.943274128269525391e-01
4.461070346347341342e+00 1.938735088281109409e+00 6.940676842304337457e-01
4.474376756761079932e+00 1.938670869417425058e+00 6.938065987201679219e-01
4.487683167174818522e+00 1.938597512347893126e+00 6.935441900873042798e-01
4.500989577588557111e+00 1.938515190808073108e+00 6.932804914674691732e-01
4.514295988002295701e+00 1.938424076255240491e+00 6.930155353524400930e-01
4.527602398416034291e+00 1.938324337890067639e+00 6.927493536016553488e-01
4.540908808829772880e+00 1.938216142678280907e+00 6.924819774535370120e-01
4.554215219243511470e+00 1.938099655372307550e+00 6.922134375366505443e-01
4.567521629657250060e+00 1.937975038532892214e+00 6.919437638806830160e-01
4.580828040070988649e+00 1.937842452550666783e+00 6.916729859272551240e-01
4.594134450484725463e+00 1.937702055667689827e+00 6.914011325405667874e-01
4.607440860898464052e+00 1.937554003998929408e+00 6.911282320178682159e-01
4.620747271312202642e+00 1.937398451553694834e+00 6.908543120997756581e-01
4.634053681725941232e+00 1.937235550256994676e+00 6.905793999804127337e-01
4.647360092139679821e+00 1.937065449970851505e+00 6.903035223174007751e-01
4.660666502553418411e+00 1.936888298515513362e+00 6.900267052416788616e-01
4.673972912967157001e+00 1.936704241690613504e+00 6.897489743671757489e-01
4.687279323380895590e+00 1.936513423296229330e+00 6.894703548003167093e-01
4.700585733794634180e+00 1.936315985153867159e+00 6.891908711493831552e-01
4.713892144208372770e+00 1.936112067127341074e+00 6.889105475337148343e-01
4.727198554622111359e+00 1.935901807143569853e+00 6.886294075927632541e-01
4.740504965035849949e+00 1.935685341213264410e+00 6.883474744949944490e-01
4.753811375449588539e+00 1.935462803451511338e+00 6.880647709466504169e-01
4.767117785863327128e+00 1.935234326098257185e+00 6.877813192003542353e-01
4.780424196277065718e+00 1.935000039538673722e+00 6.874971410635847269e-01
4.793730606690804308e+00 1.934760072323405522e+00 6.872122579070006898e-01
4.807037017104542898e+00 1.934514551188716291e+00 6.869266906726287925e-01
4.820343427518281487e+00 1.934263601076499528e+00 6.866404598819120242e-01
4.833649837932020077e+00 1.934007345154171276e+00 6.863535856436263627e-01
4.846956248345758667e+00 1.933745904834445861e+00 6.860660876616548887e-01
4.860262658759497256e+00 1.933479399794959086e+00 6.857779852426407752e-01
4.873569069173235846e+00 1.933207947997806819e+00 6.854892973034983905e-01
4.886875479586974436e+00 1.932931665708901070e+00 6.852000423788052741e-01
4.900181890000713025e+00 1.932650667517220811e+00 6.849102386280579990e-01
4.913488300414451615e+00 1.932365066353928684e+00 6.846199038428131267e-01
4.926794710828190205e+00 1.932074973511336280e+00 6.843290554536967107e-01
4.940101121241928794e+00 1.931780498661741063e+00 6.840377105372926758e-01
4.953407531655667384e+00 1.931481749876117204e+00 6.837458858229189529e-01
4.966713942069405974e+00 1.931178833642670734e+00 6.834535976992740514e-01
4.980020352483144563e+00 1.930871854885242600e+00 6.831608622209774939e-01
4.993326762896881377e+00 1.930560916981581387e+00 6.828676951149860175e-01
5.006633173310619966e+00 1.930246121781454161e+00 6.825741117869116303e-01
5.019939583724358556e+00 1.929927569624626527e+00 6.822801273272066647e-01
5.033245994138097146e+00 1.929605359358691263e+00 6.819857565172591229e-01
5.046552404551835735e+00 1.929279588356742403e+00 6.816910138353693416e-01
5.059858814965574325e+00 1.928950352534910095e+00 6.813959134626244030e-01
5.073165225379312915e+00 1.928617746369746033e+00 6.811004692886639678e-01
5.086471635793051504e+00 1.928281862915451672e+00 6.808046949173487405e-01
5.099778046206790094e+00 1.927942793820972778e+00 6.805086036723185794e-01
5.113084456620528684e+00 1.927600629346925443e+00 6.802122086024638969e-01
5.126390867034267274e+00 1.927255458382382436e+00 6.799155224872833747e-01
5.139697277448005863e+00 1.926907368461513226e+00 6.796185578421584106e-01
5.153003687861744453e+00 1.926556445780064131e+00 6.793213269235209850e-01
5.166310098275483043e+00 1.926202775211691698e+00 6.790238417339369281e-01
5.179616508689221632e+00 1.925846440324150199e+00 6.787261140270907100e-01
5.192922919102960222e+00 1.925487523395323253e+00 6.784281553126818576e-01
5.206229329516698812e+00 1.925126105429104229e+00 6.781299768612323309e-01
5.219535739930437401e+00 1.924762266171131664e+00 6.778315897088028619e-01
5.232842150344175991e+00 1.924396084124374351e+00 6.775330046616316881e-01
5.246148560757914581e+00 1.924027636564560551e+00 6.772342323006707021e-01
5.259454971171653170e+00 1.923656999555469982e+00 6.769352829860604270e-01
5.272761381585391760e+00 1.923284247964057281e+00 6.766361668615039626e-01
5.286067791999130350e+00 1.922909455475451557e+00 6.763368938585678780e-01
5.299374202412868939e+00 1.922532694607786752e+00 6.760374737009064994e-01
5.312680612826607529e+00 1.922154036726899440e+00 6.757379159083979347e-01
5.325987023240346119e+00 1.921773552060863199e+00 6.754382298012141517e-01
5.339293433654084708e+00 1.921391309714400419e+00 6.751384245038112297e-01
5.352599844067823298e+00 1.921007377683121131e+00 6.748385089488347921e-01
5.365906254481561888e+00 1.920621822867637274e+00 6.745384918809773644e-01
5.379212664895300477e+00 1.920234711087517976e+00 6.742383818607320389e-01
5.392519075309037291e+00 1.919846107095115384e+00 6.739381872681028396e-01
5.405825485722775881e+00 1.919456074589230177e+00 6.736379163062283792e-01
5.419131896136514470e+00 1.919064676228652289e+00 6.733375770049460085e-01
5.432438306550253060e+00 1.918671973645538653e+00 6.730371772242841333e-01
5.445744716963991650e+00 1.918278027458671930e+00 6.727367246578880300e-01
5.459051127377730239e+00 1.917882897286567800e+00 6.724362268363881512e-01
5.472357537791468829e+00 1.917486641760434152e+00 6.721356911306952675e-01
5.485663948205207419e+00 1.917089318537013698e+00 6.718351247552381000e-01
5.498970358618946008e+00 1.916690984311268942e+00 6.715345347711374480e-01
5.512276769032684598e+00 1.916291694828934133e+00 6.712339280893206972e-01
5.525583179446423188e+00 1.915891504898942443e+00 6.709333114735792636e-01
5.538889589860161777e+00 1.915490468405704139e+00 6.706326915435631975e-01
5.552196000273900367e+00 1.915088638321250869e+00 6.703320747777183897e-01
5.565502410687638957e+00 1.914686066717271373e+00 6.700314675161731515e-01
5.578808821101377546e+00 1.914282804776962443e+00 6.697308759635637321e-01
5.592115231515116136e+00 1.913878902806812388e+00 6.694303061918054354e-01
5.605421641928854726e+00 1.913474410248204860e+00 6.691297641428166632e-01
5.618728052342593315e+00 1.913069375688911888e+00 6.688292556311834502e-01
5.632034462756331905e+00 1.912663846874460116e+00 6.685287863467722635e-01
5.645340873170070495e+00 1.912257870719366037e+00 6.682283618572992800e-01
5.658647283583809084e+00 1.911851493318239559e+00 6.679279876108452640e-01
5.671953693997547674e+00 1.911444759956772543e+00 6.676276689383175977e-01
5.685260104411286264e+00 1.911037715122593905e+00 6.673274110558736760e-01
5.698566514825024854e+00 1.910630402516002357e+00 6.670272190672876800e-01
5.711872925238763443e+00 1.910222865060581920e+00 6.667270979662784924e-01
5.725179335652502033e+00 1.909815144913689533e+00 6.664270526387899851e-01
5.738485746066240623e+00 1.909407283476819206e+00 6.661270878652231220e-01
5.751792156479979212e+00 1.908999321405864036e+00 6.658272083226283167e-01
5.765098566893717802e+00 1.908591298621232113e+00 6.655274185868530479e-01
5.778404977307456392e+00 1.908183254317873834e+00 6.652277231346518382e-01
5.791711387721193205e+00 1.907775226975168437e+00 6.649281263457433866e-01
5.805017798134931795e+00 1.907367254366707954e+00 6.646286325048421650e-01
5.818324208548670384e+00 1.906959373569964811e+00 6.643292458036360593e-01
5.831630618962408974e+00 1.906551620975843520e+00 6.640299703427371414e-01
5.844937029376147564e+00 1.906144032298125790e+00 6.637308101335815946e-01
5.858243439789886153e+00 1.905736642582797291e+00 6.634317691003034367e-01
5.871549850203624743e+00 1.905329486217256729e+00 6.631328510815631683e-01
5.884856260617363333e+00 1.904922596939445212e+00 6.628340598323435584e-01
5.898162671031101922e+00 1.904516007846827286e+00 6.625353990257110137e-01
5.911469081444840512e+00 1.904109751405300255e+00 6.622368722545338704e-01
5.924775491858579102e+00 1.903703859457969383e+00 6.619384830331812575e-01
