# t  y_pred  dy_pred
-5.025045713246647949e+00 -1.454600158500177098e+00 1.692140516426456354e-01
-4.999792589032306722e+00 -1.454914107152633918e+00 1.687191840764052375e-01
-4.974539464817965495e+00 -1.455241000438549426e+00 1.682246700452500188e-01
-4.949286340603623380e+00 -1.455581047073079004e+00 1.677305940259163075e-01
-4.924033216389282153e+00 -1.455934457566073315e+00 1.672370424310322401e-01
-4.898780092174940926e+00 -1.456301444197537487e+00 1.667441036484527683e-01
-4.873526967960599698e+00 -1.456682220990721754e+00 1.662518680818114436e-01
-4.848273843746257583e+00 -1.457077003682703209e+00 1.657604281923430178e-01
-4.823020719531916356e+00 -1.457486009692323226e+00 1.652698785420419203e-01
-4.797767595317575129e+00 -1.457909458085308474e+00 1.647803158382184774e-01
-4.772514471103233902e+00 -1.458347569536421195e+00 1.642918389795219036e-01
-4.747261346888891786e+00 -1.458800566288464662e+00 1.638045491035000356e-01
-4.722008222674550559e+00 -1.459268672107939535e+00 1.633185496357740796e-01
-4.696755098460209332e+00 -1.459752112237192589e+00 1.628339463409038679e-01
-4.671501974245868105e+00 -1.460251113342801554e+00 1.623508473750279735e-01
-4.646248850031525990e+00 -1.460765903460020665e+00 1.618693633403681387e-01
-4.620995725817184763e+00 -1.461296711933026460e+00 1.613896073416870025e-01
-4.595742601602843536e+00 -1.461843769350729572e+00 1.609116950447987138e-01
-4.570489477388502308e+00 -1.462407307477886720e+00 1.604357447372326273e-01
-4.545236353174160193e+00 -1.462987559181250896e+00 1.599618773911582748e-01
-4.519983228959818966e+00 -1.463584758350444215e+00 1.594902167286842143e-01
-4.494730104745477739e+00 -1.464199139813271655e+00 1.590208892896496917e-01
-4.469476980531136512e+00 -1.464830939245136410e+00 1.585540245020335970e-01
-4.444223856316794397e+00 -1.465480393072218224e+00 1.580897547551118332e-01
-4.418970732102453169e+00 -1.466147738368047460e+00 1.576282154755033471e-01
-4.393717607888111942e+00 -1.466833212743100079e+00 1.571695452062473741e-01
-4.368464483673770715e+00 -1.467537054226999649e+00 1.567138856890658294e-01
-4.343211359459429488e+00 -1.468259501142910928e+00 1.562613819499738543e-01
-4.317958235245087373e+00 -1.469000791973657183e+00 1.558121823884036916e-01
-4.292705111030746146e+00 -1.469761165219100274e+00 1.553664388700226606e-01
-4.267451986816404919e+00 -1.470540859244282794e+00 1.549243068234325282e-01
-4.242198862602062803e+00 -1.471340112117787369e+00 1.544859453409437311e-01
-4.216945738387721576e+00 -1.472159161439765329e+00 1.540515172836375291e-01
-4.191692614173380349e+00 -1.472998244159056780e+00 1.536211893909248949e-01
-4.166439489959039122e+00 -1.473857596378751689e+00 1.531951323948398669e-01
-4.141186365744697895e+00 -1.474737453149575162e+00 1.527735211393028425e-01
-4.115933241530355780e+00 -1.475638048250380585e+00 1.523565347046060281e-01
-4.090680117316014552e+00 -1.476559613955036099e+00 1.519443565373908289e-01
-4.065426993101673325e+00 -1.477502380784947444e+00 1.515371745863939301e-01
-4.040173868887331210e+00 -1.478466577246399405e+00 1.511351814442547514e-01
-4.014920744672989983e+00 -1.479452429551883608e+00 1.507385744956973861e-01
-3.989667620458648756e+00 -1.480460161324518298e+00 1.503475560724064908e-01
-3.964414496244307529e+00 -1.481489993284632600e+00 1.499623336149417119e-01
-3.939161372029965857e+00 -1.482542142917512518e+00 1.495831198420466412e-01
-3.913908247815624186e+00 -1.483616824121311240e+00 1.492101329277308597e-01
-3.888655123601282959e+00 -1.484714246834001772e+00 1.488435966865185311e-01
-3.863401999386941732e+00 -1.485834616638270989e+00 1.484837407672804643e-01
-3.838148875172600061e+00 -1.486978134343120539e+00 1.481308008560831280e-01
-3.812895750958258834e+00 -1.488144995540968463e+00 1.477850188885158622e-01
-3.787642626743917162e+00 -1.489335390138885717e+00 1.474466432719751807e-01
-3.762389502529575935e+00 -1.490549501862635351e+00 1.471159291184091500e-01
-3.737136378315234708e+00 -1.491787507732042384e+00 1.467931384880530876e-01
-3.711883254100893037e+00 -1.493049577506195602e+00 1.464785406447106919e-01
-3.686630129886551366e+00 -1.494335873096881651e+00 1.461724123231629702e-01
-3.661377005672210139e+00 -1.495646547948619842e+00 1.458750380093130072e-01
-3.636123881457868912e+00 -1.496981746383546197e+00 1.455867102337089214e-01
-3.610870757243527240e+00 -1.498341602909323500e+00 1.453077298791104199e-01
-3.585617633029185569e+00 -1.499726241488225087e+00 1.450384065028046121e-01
-3.560364508814844342e+00 -1.501135774765362418e+00 1.447790586743963603e-01
-3.535111384600503115e+00 -1.502570303254024298e+00 1.445300143298514639e-01
-3.509858260386161444e+00 -1.504029914475974339e+00 1.442916111425811831e-01
-3.484605136171819773e+00 -1.505514682054440057e+00 1.440641969124134836e-01
-3.459352011957478545e+00 -1.507024664757462995e+00 1.438481299733213870e-01
-3.434098887743137318e+00 -1.508559905489182063e+00 1.436437796208199225e-01
-3.408845763528795647e+00 -1.510120430226489896e+00 1.434515265599770606e-01
-3.383592639314453976e+00 -1.511706246898447015e+00 1.432717633750314468e-01
-3.358339515100112749e+00 -1.513317344205690196e+00 1.431048950216361748e-01
-3.333086390885771522e+00 -1.514953690377002005e+00 1.429513393427994661e-01
-3.307833266671429850e+00 -1.516615231860067192e+00 1.428115276096247610e-01
-3.282580142457088179e+00 -1.518301891943375281e+00 1.426859050879886182e-01
-3.257327018242746952e+00 -1.520013569306059908e+00 1.425749316323471627e-01
-3.232073894028405725e+00 -1.521750136492419303e+00 1.424790823078774249e-01
-3.206820769814064054e+00 -1.523511438307682431e+00 1.423988480422134217e-01
-3.181567645599722383e+00 -1.525297290131539585e+00 1.423347363080604833e-01
-3.156314521385381155e+00 -1.527107476145783016e+00 1.422872718380004675e-01
-3.131061397171039928e+00 -1.528941747472330137e+00 1.422569973728322057e-01
-3.105808272956698257e+00 -1.530799820217769502e+00 1.422444744448065068e-01
-3.080555148742356586e+00 -1.532681373420470061e+00 1.422502841971323428e-01
-3.055302024528015359e+00 -1.534586046896167622e+00 1.422750282411433254e-01
-3.030048900313674132e+00 -1.536513438977869184e+00 1.423193295525033431e-01
-3.004795776099332461e+00 -1.538463104145770588e+00 1.423838334078293966e-01
-2.979542651884991233e+00 -1.540434550542811420e+00 1.424692083630808015e-01
-2.954289527670649562e+00 -1.542427237371390758e+00 1.425761472750254055e-01
-2.929036403456308335e+00 -1.544440572166673409e+00 1.427053683670450601e-01
-2.903783279241966664e+00 -1.546473907941831039e+00 1.428576163404587651e-01
-2.878530155027625437e+00 -1.548526540200503510e+00 1.430336635324496453e-01
-2.853277030813283766e+00 -1.550597703811665395e+00 1.432343111215569620e-01
-2.828023906598942538e+00 -1.552686569742074196e+00 1.434603903815301063e-01
-2.802770782384600867e+00 -1.554792241641375972e+00 1.437127639841547788e-01
-2.777517658170259640e+00 -1.556913752274955431e+00 1.439923273514236990e-01
-2.752264533955917969e+00 -1.559050059799569343e+00 1.443000100571296407e-01
-2.727011409741576742e+00 -1.561200043876795229e+00 1.446367772776337435e-01
-2.701758285527235071e+00 -1.563362501619360634e+00 1.450036312911365255e-01
-2.676505161312893843e+00 -1.565536143365411581e+00 1.454016130243113714e-01
-2.651252037098552172e+00 -1.567719588275859000e+00 1.458318036445883370e-01
-2.625998912884210945e+00 -1.569911359749963431e+00 1.462953261957137263e-01
-2.600745788669869718e+00 -1.572109880654456449e+00 1.467933472734345990e-01
-2.575492664455528047e+00 -1.574313468361555834e+00 1.473270787372617519e-01
-2.550239540241186820e+00 -1.576520329591404090e+00 1.478977794532119194e-01
-2.524986416026845149e+00 -1.578728555054588201e+00 1.485067570612274845e-01
-2.499733291812503921e+00 -1.580936113890590855e+00 1.491553697595738026e-01
-2.474480167598162250e+00 -1.583140847898240278e+00 1.498450280969094717e-01
-2.449227043383821023e+00 -1.585340465554430534e+00 1.505771967608800777e-01
-2.423973919169479352e+00 -1.587532535817671731e+00 1.513533963499749946e-01
-2.398720794955138125e+00 -1.589714481713289329e+00 1.521752051129635908e-01
-2.373467670740796454e+00 -1.591883573697417953e+00 1.530442606374739778e-01
-2.348214546526455226e+00 -1.594036922797220202e+00 1.539622614661216859e-01
-2.322961422312113555e+00 -1.596171473525149098e+00 1.549309686150237841e-01
-2.297708298097772328e+00 -1.598283996565388776e+00 1.559522069654653564e-01
-2.272455173883430657e+00 -1.600371081231002579e+00 1.570278664948743241e-01
-2.247202049669089430e+00 -1.602429127690629729e+00 1.581599033080488825e-01
-2.221948925454747759e+00 -1.604454338963981153e+00 1.593503404236827625e-01
-2.196695801240406531e+00 -1.606442712685680396e+00 1.606012682645988343e-01
-2.171442677026064860e+00 -1.608390032637295741e+00 1.619148447926098411e-01
-2.146189552811723633e+00 -1.610291860047699419e+00 1.632932952205349564e-01
-2.120936428597381962e+00 -1.612143524662042582e+00 1.647389112244752596e-01
-2.095683304383040735e+00 -1.613940115579761914e+00 1.662540495689160680e-01
-2.070430180168699064e+00 -1.615676471862036889e+00 1.678411300454619448e-01
-2.045177055954357836e+00 -1.617347172908979669e+00 1.695026326129126792e-01
-2.019923931740016165e+00 -1.618946528606559410e+00 1.712410936118401450e-01
-1.994670807525674938e+00 -1.620468569242716539e+00 1.730591009107093625e-01
-1.969417683311333267e+00 -1.621907035191509250e+00 1.749592878227897441e-01
-1.944164559096992040e+00 -1.623255366363003160e+00 1.769443256135051212e-01
-1.918911434882650369e+00 -1.624506691415418702e+00 1.790169143963763199e-01
-1.893658310668309142e+00 -1.625653816724281775e+00 1.811797721922052962e-01
-1.868405186453967470e+00 -1.626689215101292163e+00 1.834356219006002819e-01
-1.843152062239626243e+00 -1.627605014253041382e+00 1.857871759052228677e-01
-1.817898938025284572e+00 -1.628392984966625878e+00 1.882371180043199976e-01
-1.792645813810943345e+00 -1.629044529005571507e+00 1.907880823261408343e-01
-1.767392689596602118e+00 -1.629550666695225525e+00 1.934426288548550810e-01
-1.742139565382260447e+00 -1.629902024171801189e+00 1.962032151567221216e-01
-1.716886441167919219e+00 -1.630088820263652316e+00 1.990721638587702735e-01
-1.691633316953577548e+00 -1.630100852966945402e+00 2.020516253934936945e-01
-1.666380192739236321e+00 -1.629927485470734183e+00 2.051435354835199620e-01
-1.641127068524894650e+00 -1.629557631678516083e+00 2.083495668005817258e-01
-1.615873944310553423e+00 -1.628979741164645390e+00 2.116710741942142981e-01
-1.590620820096211752e+00 -1.628181783494509594e+00 2.151090328485704972e-01
-1.565367695881870524e+00 -1.627151231827237643e+00 2.186639686919282510e-01
-1.540114571667528853e+00 -1.625875045708934152e+00 2.223358803546219842e-01
-1.514861447453187626e+00 -1.624339652953081137e+00 2.261241519493219776e-01
-1.489608323238845955e+00 -1.622530930493044865e+00 2.300274559354499038e-01
-1.464355199024504728e+00 -1.620434184079519779e+00 2.340436453301122377e-01
-1.439102074810163057e+00 -1.618034126683556950e+00 2.381696345450715624e-01
-1.413848950595821830e+00 -1.615314855453515275e+00 2.424012681674101166e-01
-1.388595826381480158e+00 -1.612259827062022088e+00 2.467331770661036761e-01
-1.363342702167138931e+00 -1.608851831266861376e+00 2.511586213040667981e-01
-1.338089577952797260e+00 -1.605072962497481548e+00 2.556693194730409457e-01
-1.312836453738456033e+00 -1.600904589266395783e+00 2.602552642558930152e-01
-1.287583329524114362e+00 -1.596327321191621129e+00 2.649045242682867007e-01
-1.262330205309773135e+00 -1.591320973401745720e+00 2.696030325517561055e-01
-1.237077081095431463e+00 -1.585864528078192004e+00 2.743343624979127093e-01
-1.211823956881090236e+00 -1.579936092867898934e+00 2.790794924961885193e-01
-1.186570832666748565e+00 -1.573512855872131411e+00 2.838165612355150746e-01
-1.161317708452407338e+00 -1.566571036880070933e+00 2.885206163771819599e-01
-1.136064584238065667e+00 -1.559085834465871567e+00 2.931633602786764548e-01
-1.110811460023724440e+00 -1.551031368500043639e+00 2.977128976169804986e-01
-1.085558335809382768e+00 -1.542380617535100251e+00 3.021334911678781321e-01
-1.060305211595041541e+00 -1.533105350404846634e+00 3.063853336809875816e-01
-1.035052087380699870e+00 -1.523176051220130445e+00 3.104243457844227949e-01
-1.009798963166358199e+00 -1.512561836744564125e+00 3.142020121916402342e-01
-9.845458389520169717e-01 -1.501230364886751323e+00 3.176652711922706707e-01
-9.592927147376757446e-01 -1.489147732748739683e+00 3.207564754998799006e-01
-9.340395905233345175e-01 -1.476278362327770433e+00 3.234134459889012603e-01
-9.087864663089932904e-01 -1.462584871594022617e+00 3.255696436265901883e-01
-8.835333420946511751e-01 -1.448027928291789612e+00 3.271544888801901085e-01
-8.582802178803099480e-01 -1.432566083492418541e+00 3.280938618553356223e-01
-8.330270936659687209e-01 -1.416155581760813353e+00 3.283108200827865586e-01
-8.077739694516274938e-01 -1.398750144939081785e+00 3.277265737461141915e-01
-7.825208452372853785e-01 -1.380300727241425385e+00 3.262617595684946803e-01
-7.572677210229441513e-01 -1.360755240955772605e+00 3.238380536568496448e-01
-7.320145968086029242e-01 -1.340058255088692141e+00 3.203801591850859443e-01
-7.067614725942616971e-01 -1.318150674524598776e+00 3.158181954807661174e-01
-6.815083483799195818e-01 -1.294969415741121566e+00 3.100904992541714256e-01
-6.562552241655783547e-01 -1.270447108225949195e+00 3.031468246930961175e-01
-6.310020999512371276e-01 -1.244511870266763909e+00 2.949518954183651953e-01
-6.057489757368959005e-01 -1.217087235895919939e+00 2.854892168646729345e-01
-5.804958515225537852e-01 -1.188092348833869050e+00 2.747650025896968828e-01
-5.552427273082125581e-01 -1.157442591435766444e+00 2.628120041177962052e-01
-5.299896030938713309e-01 -1.125050882928436247e+00 2.496929654491900630e-01
-5.047364788795301038e-01 -1.090829959861725929e+00 2.355033576897503089e-01
-4.794833546651879885e-01 -1.054696035274081289e+00 2.203729972514792967e-01
-4.542302304508467614e-01 -1.016574303974994153e+00 2.044661269087957589e-01
-4.289771062365055343e-01 -9.764067850189784847e-01 1.879795591114075959e-01
-4.037239820221643072e-01 -9.341629081914055721e-01 1.711385620104099448e-01
-3.784708578078221919e-01 -8.898529612491280494e-01 1.541903243576746851e-01
-3.532177335934809648e-01 -8.435438732724261923e-01 1.373950721454161028e-01
-3.279646093791397377e-01 -7.953756208717351894e-01 1.210152205896437988e-01
-3.027114851647985105e-01 -7.455745827980793106e-01 1.053033013653163902e-01
-2.774583609504563952e-01 -6.944572611410244622e-01 9.048974671452239549e-02
-2.522052367361151681e-01 -6.424140291378729328e-01 7.677183885270399966e-02
-2.269521125217739410e-01 -5.898588098253390033e-01 6.430510967798166999e-02
-2.016989883074327139e-01 -5.371293680327593467e-01 5.319807287265324036e-02
-1.764458640930914868e-01 -4.843296804250212251e-01 4.351036539726425845e-02
-1.511927398787493715e-01 -4.311294236349450526e-01 3.525340356421213101e-02
-1.259396156644081444e-01 -3.765837917640172949e-01 2.839210919200000835e-02
-1.006864914500669173e-01 -3.191014025625667494e-01 2.284685853461881216e-02
-7.543336723572569014e-02 -2.567203495264125945e-01 1.849665457419315956e-02
-5.018024302138357484e-02 -1.877617085800978580e-01 1.518625901067332737e-02
-2.492711880704234773e-02 -1.116670114979435441e-01 1.273938247350330476e-02
3.260054072988793905e-04 -2.954107906717726856e-02 1.097648731651085924e-02
2.557912962164010651e-02 5.604302341748875621e-02 9.732145916720360418e-03
5.083225383598222180e-02 1.419232936897891206e-01 8.866674456741318114e-03
7.608537805032344892e-02 2.253313332624815590e-01 8.270004181724655359e-03
1.013385022646646760e-01 3.044147508314392625e-01 7.859478179128253500e-03
1.265916264790059031e-01 3.782193023155234757e-01 7.574882955490368046e-03
1.518447506933480184e-01 4.464157858509613663e-01 7.373341867593949210e-03
1.770978749076892456e-01 5.090420451506074695e-01 7.225164625921993121e-03
2.023509991220304727e-01 5.663485007505393298e-01 7.110669399749297050e-03
2.276041233363716998e-01 6.187192835667251201e-01 7.017666860657626425e-03
2.528572475507138151e-01 6.666241875055908261e-01 6.939382839994495851e-03
2.781103717650550422e-01 7.105788817879022945e-01 6.872745625856217962e-03
3.033634959793962693e-01 7.511093675390513313e-01 6.817033454011250590e-03
3.286166201937374964e-01 7.887230414085458774e-01 6.772874244736441958e-03
3.538697444080796117e-01 8.238882655517411058e-01 6.741560220385389365e-03
3.791228686224208388e-01 8.570223161501359099e-01 6.724617133509918840e-03
4.043759928367620660e-01 8.884862114357189311e-01 6.723561179704342847e-03
4.296291170511032931e-01 9.185844895629242668e-01 6.739782991612042196e-03
4.548822412654454084e-01 9.475681678469234370e-01 6.774510729130770598e-03
4.801353654797866355e-01 9.756395073235158977e-01 6.828817874122201752e-03
5.053884896941278626e-01 1.002957615884827680e+00 6.903653030725554092e-03
5.306416139084690897e-01 1.029644260128052435e+00 6.999877866610052651e-03
5.558947381228112050e-01 1.055789502177855388e+00 7.118305424021085723e-03
5.811478623371524321e-01 1.081456944961541655e+00 7.259734933258259193e-03
6.064009865514936592e-01 1.106688477604118148e+00 7.424981594073850645e-03
6.316541107658348864e-01 1.131508480145787310e+00 7.614901079387377189e-03
6.569072349801761135e-01 1.155927487699769607e+00 7.830409153179226228e-03
6.821603591945182288e-01 1.179945338169263280e+00 8.072497049093121588e-03
7.074134834088594559e-01 1.203553841052098283e+00 8.342243300897344421e-03
7.326666076232006830e-01 1.226739011650302524e+00 8.640822655915220835e-03
7.579197318375419101e-01 1.249482917617423805e+00 8.969512598920478114e-03
7.831728560518840254e-01 1.271765184730166753e+00 9.329697900176727940e-03
8.084259802662252525e-01 1.293564207015718948e+00 9.722873494102951195e-03
8.336791044805664797e-01 1.314858103527937194e+00 1.015064590182430254e-02
8.589322286949077068e-01 1.335625460575150969e+00 1.061473333386434535e-02
8.841853529092498221e-01 1.355845894369591020e+00 1.111696454813406419e-02
9.094384771235910492e-01 1.375500465121090699e+00 1.165927649173533441e-02
9.346916013379322763e-01 1.394571969703408243e+00 1.224371072114607134e-02
9.599447255522735034e-01 1.413045136300335125e+00 1.287240857234003139e-02
9.851978497666156187e-01 1.430906740972415880e+00 1.354760503877685922e-02
1.010450973980956846e+00 1.448145662923817190e+00 1.427162130966765086e-02
1.035704098195298073e+00 1.464752892418106134e+00 1.504685592240386643e-02
1.060957222409639300e+00 1.480721502797705424e+00 1.587577449063216906e-02
1.086210346623981415e+00 1.496046595896676656e+00 1.676089798239586634e-02
1.111463470838322642e+00 1.510725228282762567e+00 1.770478954035341335e-02
1.136716595052663870e+00 1.524756324198324853e+00 1.871003985766446151e-02
1.161969719267005097e+00 1.538140579763694227e+00 1.977925114803356574e-02
1.187222843481347212e+00 1.550880361931730400e+00 2.091501977592769360e-02
1.212475967695688439e+00 1.562979604810270651e+00 2.211991764237638061e-02
1.237729091910029666e+00 1.574443705272163374e+00 2.339647245221915597e-02
1.262982216124370893e+00 1.585279419224608466e+00 2.474714701930965169e-02
1.288235340338713009e+00 1.595494759487078751e+00 2.617431779611527690e-02
1.313488464553054236e+00 1.605098895908351642e+00 2.768025284240966527e-02
1.338741588767395463e+00 1.614102058119478711e+00 2.926708947341175038e-02
1.363994712981736690e+00 1.622515441153665305e+00 3.093681184984735377e-02
1.389247837196078805e+00 1.630351114051940664e+00 3.269122879015153027e-02
1.414500961410420032e+00 1.637621931502446948e+00 3.453195209761378975e-02
1.439754085624761260e+00 1.644341448520948434e+00 3.646037570207819045e-02
1.465007209839102487e+00 1.650523838161975787e+00 3.847765591634512428e-02
1.490260334053443714e+00 1.656183812246853515e+00 4.058469310141801789e-02
1.515513458267785829e+00 1.661336545101105733e+00 4.278211502208190825e-02
1.540766582482127056e+00 1.665997600304920390e+00 4.507026215513975503e-02
1.566019706696468283e+00 1.670182860473248487e+00 4.744917518729232370e-02
1.591272830910809510e+00 1.673908460094312822e+00 4.991858490868259640e-02
1.616525955125151626e+00 1.677190721465041001e+00 5.247790467227617106e-02
1.641779079339492853e+00 1.680046093768459814e+00 5.512622554940146968e-02
1.667032203553834080e+00 1.682491095340613141e+00 5.786231426897301550e-02
1.692285327768175307e+00 1.684542259173222645e+00 6.068461398326708417e-02
1.717538451982517422e+00 1.686216081693088897e+00 6.359124785778863531e-02
1.742791576196858649e+00 1.687528974850676322e+00 6.658002543792199135e-02
1.768044700411199877e+00 1.688497221538839410e+00 6.964845170182683287e-02
1.793297824625541104e+00 1.689136934348938412e+00 7.279373866846125529e-02
1.818550948839883219e+00 1.689464017656181705e+00 7.601281939263482279e-02
1.843804073054224446e+00 1.689494133009681098e+00 7.930236414638400233e-02
1.869057197268565673e+00 1.689242667785865182e+00 8.265879855836201495e-02
1.894310321482906900e+00 1.688724707047203788e+00 8.607832346077025354e-02
1.919563445697249016e+00 1.687955008532079582e+00 8.955693617691624919e-02
1.944816569911590243e+00 1.686947980686476445e+00 9.309045297181763046e-02
1.970069694125931470e+00 1.685717663634304087e+00 9.667453238332804344e-02
1.995322818340272697e+00 1.684277712970805085e+00 1.003046991517565489e-01
2.020575942554614812e+00 1.682641386252853311e+00 1.039763684715647868e-01
2.045829066768956039e+00 1.680821532051047340e+00 1.076848702989088996e-01
2.071082190983297266e+00 1.678830581421472345e+00 1.114254734630369392e-01
2.096335315197638494e+00 1.676680541649725686e+00 1.151934093471760762e-01
2.121588439411980609e+00 1.674382992116343338e+00 1.189838949249329009e-01
2.146841563626321836e+00 1.671949082130900655e+00 1.227921549606711960e-01
2.172094687840663063e+00 1.669389530581839587e+00 1.266134432062224480e-01
2.197347812055004290e+00 1.666714627250148295e+00 1.304430624509301251e-01
2.222600936269346406e+00 1.663934235637507753e+00 1.342763833069346990e-01
2.247854060483687633e+00 1.661057797162964755e+00 1.381088616361794974e-01
2.273107184698028860e+00 1.658094336586745543e+00 1.419360545494424697e-01
2.298360308912370087e+00 1.655052468525058051e+00 1.457536349303927281e-01
2.323613433126711314e+00 1.651940404925676065e+00 1.495574044589044194e-01
2.348866557341053429e+00 1.648765963380575350e+00 1.533433051274049885e-01
2.374119681555394656e+00 1.645536576158677322e+00 1.571074292617202772e-01
2.399372805769735884e+00 1.642259299848863652e+00 1.608460280736031256e-01
2.424625929984077111e+00 1.638940825510665000e+00 1.645555187858049329e-01
2.449879054198419226e+00 1.635587489237280368e+00 1.682324903822506879e-01
2.475132178412760453e+00 1.632205283042881261e+00 1.718737080455451927e-01
2.500385302627101680e+00 1.628799865993254103e+00 1.754761163518574474e-01
2.525638426841442907e+00 1.625376575505852461e+00 1.790368412992047742e-01
2.550891551055785023e+00 1.621940438752061731e+00 1.825531912495165221e-01
2.576144675270126250e+00 1.618496184101004820e+00 1.860226568676464909e-01
2.601397799484467477e+00 1.615048252550401742e+00 1.894429101419600470e-01
2.626650923698808704e+00 1.611600809095906417e+00 1.928118025713342620e-01
2.651904047913150819e+00 1.608157753995922201e+00 1.961273626025790973e-01
2.677157172127492046e+00 1.604722733894068609e+00 1.993877924005553193e-01
2.702410296341833273e+00 1.601299152766419986e+00 2.025914640307624748e-01
2.727663420556174501e+00 1.597890182665092196e+00 2.057369151310562139e-01
2.752916544770516616e+00 1.594498774234005323e+00 2.088228441455520501e-01
2.778169668984857843e+00 1.591127666976466903e+00 2.118481051897852241e-01
2.803422793199199070e+00 1.587779399257765567e+00 2.148117026119632511e-01
2.828675917413540297e+00 1.584456318029172195e+00 2.177127853107176381e-01
2.853929041627882413e+00 1.581160588262691569e+00 2.205506408652526396e-01
2.879182165842223640e+00 1.577894202088517828e+00 2.233246895292710088e-01
2.904435290056564867e+00 1.574658987629534268e+00 2.260344781355619892e-01
2.929688414270906094e+00 1.571456617529313204e+00 2.286796739537393097e-01
2.954941538485248209e+00 1.568288617171966548e+00 2.312600585393737029e-01
2.980194662699588548e+00 1.565156372593844880e+00 2.337755216086474797e-01
3.005447786913931552e+00 1.562061138088569168e+00 2.362260549687775490e-01
3.030700911128272779e+00 1.559004043508158466e+00 2.386117465307489860e-01
3.055954035342614006e+00 1.555986101264098531e+00 2.409327744274315786e-01
3.081207159556955233e+00 1.553008213033173712e+00 2.431894012569265628e-01
3.106460283771296460e+00 1.550071176173704490e+00 2.453819684679633684e-01
3.131713407985637687e+00 1.547175689858449443e+00 2.475108909014173131e-01
3.156966532199978914e+00 1.544322360931078553e+00 2.495766514994615937e-01
3.182219656414320141e+00 1.541511709493506688e+00 2.515797961915547387e-01
3.207472780628661368e+00 1.538744174231775785e+00 2.535209289643597930e-01
3.232725904843004372e+00 1.536020117488445802e+00 2.554007071208022062e-01
3.257979029057345599e+00 1.533339830089632816e+00 2.572198367317667933e-01
3.283232153271686826e+00 1.530703535934996307e+00 2.589790682824262835e-01
3.308485277486028053e+00 1.528111396359038254e+00 2.606791925138525201e-01
3.333738401700369280e+00 1.525563514272084920e+00 2.623210364593825950e-01
3.358991525914710508e+00 1.523059938089330823e+00 2.639054596741880476e-01
3.384244650129051735e+00 1.520600665456236067e+00 2.654333506556063038e-01
3.409497774343392962e+00 1.518185646778485109e+00 2.669056234510208681e-01
3.434750898557735965e+00 1.515814788564589621e+00 2.683232144494535620e-01
3.460004022772077192e+00 1.513487956589077088e+00 2.696870793524671073e-01
3.485257146986418419e+00 1.511204978884007843e+00 2.709981903195485820e-01
3.510510271200759647e+00 1.508965648566443996e+00 2.722575332827816275e-01
3.535763395415100874e+00 1.506769726509202156e+00 2.734661054253238466e-01
3.561016519629442101e+00 1.504616943862110867e+00 2.746249128180148213e-01
3.586269643843783328e+00 1.502507004430696069e+00 2.757349682082629316e-01
3.611522768058124555e+00 1.500439586919047663e+00 2.767972889552789972e-01
3.636775892272467559e+00 1.498414347043372397e+00 2.778128951056719753e-01
3.662029016486808786e+00 1.496430919522506064e+00 2.787828076034052360e-01
3.687282140701150013e+00 1.494488919951435291e+00 2.797080466281448019e-01
3.712535264915491240e+00 1.492587946563659118e+00 2.805896300560891121e-01
3.737788389129832467e+00 1.490727581887975051e+00 2.814285720374501421e-01
3.763041513344173694e+00 1.488907394305048371e+00 2.822258816848634555e-01
3.788294637558514921e+00 1.487126939508944146e+00 2.829825618671311105e-01
3.813547761772856148e+00 1.485385761878507127e+00 2.836996081028390626e-01
3.838800885987199152e+00 1.483683395763352841e+00 2.843780075485377035e-01
3.864054010201540379e+00 1.482019366688946738e+00 2.850187380763547496e-01
3.889307134415881606e+00 1.480393192485099929e+00 2.856227674360466984e-01
3.914560258630222833e+00 1.478804384341981137e+00 2.861910524967078984e-01
3.939813382844564060e+00 1.477252447797586576e+00 2.867245385635019406e-01
3.965066507058905287e+00 1.475736883660381027e+00 2.872241587649753125e-01
3.990319631273246515e+00 1.474257188870704782e+00 2.876908335066972189e-01
4.015572755487587742e+00 1.472812857304307554e+00 2.881254699871408920e-01
4.040825879701928969e+00 1.471403380521248749e+00 2.885289617719005162e-01
4.066079003916271972e+00 1.470028248463239651e+00 2.889021884225251857e-01
4.091332128130613199e+00 1.468686950102322752e+00 2.892460151764136844e-01
4.116585252344954426e+00 1.467378974043678452e+00 2.895612926743868498e-01
4.141838376559295654e+00 1.466103809085169685e+00 2.898488567327204835e-01
4.167091500773636881e+00 1.464860944736136483e+00 2.901095281565896911e-01
4.192344624987978108e+00 1.463649871697785265e+00 2.903441125920138144e-01
4.217597749202319335e+00 1.462470082307447017e+00 2.905534004135669202e-01
4.242850873416660562e+00 1.461321070948792711e+00 2.907381666452426017e-01
4.268103997631003566e+00 1.460202334430057647e+00 2.908991709120186120e-01
4.293357121845344793e+00 1.459113372332150105e+00 2.910371574197947453e-01
4.318610246059686020e+00 1.458053687328479731e+00 2.911528549615078898e-01
4.343863370274027247e+00 1.457022785478187421e+00 2.912469769473547965e-01
4.369116494488368474e+00 1.456020176494408513e+00 2.913202214571773419e-01
4.394369618702709701e+00 1.455045373989102275e+00 2.913732713131637619e-01
4.419622742917050928e+00 1.454097895695877218e+00 2.914067941711481202e-01
4.444875867131392155e+00 1.453177263672183583e+00 2.914214426288813109e-01
4.470128991345735159e+00 1.452283004482184836e+00 2.914178543497474849e-01
4.495382115560076386e+00 1.451414649361480569e+00 2.913966522004995952e-01
4.520635239774417613e+00 1.450571734364880294e+00 2.913584444016718011e-01
4.545888363988758840e+00 1.449753800498285949e+00 2.913038246894122385e-01
4.571141488203100067e+00 1.448960393835706517e+00 2.912333724875626473e-01
4.596394612417441294e+00 1.448191065622397078e+00 2.911476530888880698e-01
4.621647736631782521e+00 1.447445372364998262e+00 2.910472178444288294e-01
4.646900860846123749e+00 1.446722875909561612e+00 2.909326043600150569e-01
4.672153985060464976e+00 1.446023143508269326e+00 2.908043366990575862e-01
4.697407109274807979e+00 1.445345747875593778e+00 2.906629255907783871e-01
4.722660233489149206e+00 1.444690267234632453e+00 2.905088686431082090e-01
4.747913357703490433e+00 1.444056285354293090e+00 2.903426505595331775e-01
4.773166481917831661e+00 1.443443391577959201e+00 2.901647433592244862e-01
4.798419606132172888e+00 1.442851180844248793e+00 2.899756065998271293e-01
4.823672730346514115e+00 1.442279253700403663e+00 2.897756876023389050e-01
4.848925854560855342e+00 1.441727216308886339e+00 2.895654216775456757e-01
4.874178978775196569e+00 1.441194680447629439e+00 2.893452323535286030e-01
4.899432102989539572e+00 1.440681263504453691e+00 2.891155316037801182e-01
4.924685227203880800e+00 1.440186588466063622e+00 2.888767200755262832e-01
4.949938351418222027e+00 1.439710283902052135e+00 2.886291873178601364e-01
4.975191475632563254e+00 1.439251983944297875e+00 2.883733120093410207e-01
5.000444599846904481e+00 1.438811328262117994e+00 2.881094621847380410e-01
5.025697724061245708e+00 1.438387962033524703e+00 2.878379954606177238e-01
5.050950848275586935e+00 1.437981535912902897e+00 2.875592592595148100e-01
5.076203972489928162e+00 1.437591705995408420e+00 2.872735910324351050e-01
5.101457096704271166e+00 1.437218133778379814e+00 2.869813184794718364e-01
5.126710220918612393e+00 1.436860486120010716e+00 2.866827597683350715e-01
5.151963345132953620e+00 1.436518435195552224e+00 2.863782237506107275e-01
5.177216469347294847e+00 1.436191658451258624e+00 2.860680101755911364e-01
5.202469593561636074e+00 1.435879838556305188e+00 2.857524099015252284e-01
5.227722717775977301e+00 1.435582663352873212e+00 2.854317051041678766e-01
5.252975841990318528e+00 1.435299825804608576e+00 2.851061694825056669e-01
5.278228966204659756e+00 1.435031023943599049e+00 2.847760684615642801e-01
5.303482090419002759e+00 1.434775960816079055e+00 2.844416593922076686e-01
5.328735214633343986e+00 1.434534344426980246e+00 2.841031917478546442e-01
5.353988338847685213e+00 1.434305887683483549e+00 2.837609073180472619e-01
5.379241463062026440e+00 1.434090308337726549e+00 2.834150403988205946e-01
5.404494587276367668e+00 1.433887328928759697e+00 2.830658179798215546e-01
5.429747711490708895e+00 1.433696676723883012e+00 2.827134599281546090e-01
5.455000835705050122e+00 1.433518083659486519e+00 2.823581791689118714e-01
5.480253959919391349e+00 1.433351286281464132e+00 2.820001818623803502e-01
5.505507084133732576e+00 1.433196025685328667e+00 2.816396675779050396e-01
5.530760208348075579e+00 1.433052047456075728e+00 2.812768294644067413e-01
5.556013332562416807e+00 1.432919101607925905e+00 2.809118544175544518e-01
5.581266456776758034e+00 1.432796942523973494e+00 2.805449232435912599e-01
5.606519580991099261e+00 1.432685328895837218e+00 2.801762108198311285e-01
5.631772705205440488e+00 1.432584023663377337e+00 2.798058862518363887e-01
5.657025829419781715e+00 1.432492793954519117e+00 2.794341130272965379e-01
5.682278953634122942e+00 1.432411411025260817e+00 2.790610491666325466e-01
5.707532077848464169e+00 1.432339650199895731e+00 2.786868473703442706e-01
5.732785202062807173e+00 1.432277290811511117e+00 2.783116551631433233e-01
5.758038326277148400e+00 1.432224116142792658e+00 2.779356150348927801e-01
5.783291450491489627e+00 1.432179913367183088e+00 2.775588645783891306e-01
5.808544574705830854e+00 1.432144473490420289e+00 2.771815366240275025e-01
5.833797698920172081e+00 1.432117591292499492e+00 2.768037593713872924e-01
5.859050823134513308e+00 1.432099065270080906e+00 2.764256565177744540e-01
5.884303947348854535e+00 1.432088697579366743e+00 2.760473473837665170e-01
5.909557071563195763e+00 1.432086293979476066e+00 2.756689470358047456e-01
5.934810195777538766e+00 1.432091663776343449e+00 2.752905664058711843e-01
5.960063319991879993e+00 1.432104619767153197e+00 2.749123124083053815e-01
5.985316444206221220e+00 1.432124978185326691e+00 2.745342880537972041e-01
6.010569568420562447e+00 1.432152558646084151e+00 2.741565925606137544e-01
6.035822692634903675e+00 1.432187184092589272e+00 2.737793214630964145e-01
6.061075816849244902e+00 1.432228680742691607e+00 2.734025667174850849e-01
6.086328941063586129e+00 1.432276878036274681e+00 2.730264168051149687e-01
6.111582065277927356e+00 1.432331608583218729e+00 2.726509568330325872e-01
6.136835189492270359e+00 1.432392708111989377e+00 2.722762686320830405e-01
6.162088313706611586e+00 1.432460015418857369e+00 2.719024308525155864e-01
6.187341437920952814e+00 1.432533372317744691e+00 2.715295190571563877e-01
6.212594562135294041e+00 1.432612623590718171e+00 2.711576058121992205e-01
6.237847686349635268e+00 1.432697616939120566e+00 2.707867607756588302e-01
6.263100810563976495e+00 1.432788202935345367e+00 2.704170507835376158e-01
6.288353934778317722e+00 1.432884234975258186e+00 2.700485399337564929e-01
6.313607058992658949e+00 1.432985569231260081e+00 2.696812896678893456e-01
6.338860183207000176e+00 1.433092064606002358e+00 2.693153588507581353e-01
6.364113307421343180e+00 1.433203582686736643e+00 2.689508038479281882e-01
6.389366431635684407e+00 1.433319987700315101e+00 2.685876786011529016e-01
6.414619555850025634e+00 1.433441146468825478e+00 2.682260347018148861e-01
6.439872680064366861e+00 1.433566928365871407e+00 2.678659214624045659e-01
6.465125804278708088e+00 1.433697205273470887e+00 2.675073859860861991e-01
6.490378928493049315e+00 1.433831851539606239e+00 2.671504732343902844e-01
6.515632052707390542e+00 1.433970743936383796e+00 2.667952260930807618e-01
6.540885176921731770e+00 1.434113761618830418e+00 2.664416854362363085e-01
6.566138301136074773e+00 1.434260786084288197e+00 2.660898901885862533e-01
6.591391425350416000e+00 1.434411701132443318e+00 2.657398773861525121e-01
6.616644549564757227e+00 1.434566392825946890e+00 2.653916822352205829e-01
6.641897673779098454e+00 1.434724749451642634e+00 2.650453381697008282e-01
6.667150797993439681e+00 1.434886661482391856e+00 2.647008769069015277e-01
6.692403922207780909e+00 1.435052021539483968e+00 2.643583285017628293e-01
6.717657046422122136e+00 1.435220724355634525e+00 2.640177213995860139e-01
6.742910170636463363e+00 1.435392666738562140e+00 2.636790824872958794e-01
6.768163294850806366e+00 1.435567747535130723e+00 2.633424371432726008e-01
6.793416419065147593e+00 1.435745867596055936e+00 2.630078092857906502e-01
6.818669543279488821e+00 1.435926929741181635e+00 2.626752214200940849e-01
6.843922667493830048e+00 1.436110838725294547e+00 2.623446946841547778e-01
6.869175791708171275e+00 1.436297501204482074e+00 2.620162488931301881e-01
6.894428915922512502e+00 1.436486825703042758e+00 2.616899025825717429e-01
6.919682040136853729e+00 1.436678722580912781e+00 2.613656730504022030e-01
6.944935164351194956e+00 1.436873104001617829e+00 2.610435763977003720e-01
6.970188288565537960e+00 1.437069883900754519e+00 2.607236275683245674e-01
6.995441412779879187e+00 1.437268977954962335e+00 2.604058403874001115e-01
7.020694536994220414e+00 1.437470303551413364e+00 2.600902275987069801e-01
7.045947661208561641e+00 1.437673779757795200e+00 2.597768009009917556e-01
7.071200785422902868e+00 1.437879327292774345e+00 2.594655709832328627e-01
7.096453909637244095e+00 1.438086868496956550e+00 2.591565475588912260e-01
7.121707033851585322e+00 1.438296327304305233e+00 2.588497393991656126e-01
7.146960158065926549e+00 1.438507629214041739e+00 2.585451543652846351e-01
7.172213282280267777e+00 1.438720701263005886e+00 2.582427994398617810e-01
7.197466406494610780e+00 1.438935471998458615e+00 2.579426807573355074e-01
7.222719530708952007e+00 1.439151871451353149e+00 2.576448036335177716e-01
7.247972654923293234e+00 1.439369831110026032e+00 2.573491725942816388e-01
7.273225779137634461e+00 1.439589283894340932e+00 2.570557914034047875e-01
7.298478903351975688e+00 1.439810164130248760e+00 2.567646630895920046e-01
7.323732027566316916e+00 1.440032407524776126e+00 2.564757899727059809e-01
7.348985151780658143e+00 1.440255951141425017e+00 2.561891736892198401e-01
7.374238275994999370e+00 1.440480733375982370e+00 2.559048152169143830e-01
7.399491400209342373e+00 1.440706693932737759e+00 2.556227148988482467e-01
7.424744524423683600e+00 1.440933773801082340e+00 2.553428724666071403e-01
7.449997648638024828e+00 1.441161915232521018e+00 2.550652870628665192e-01
7.475250772852366055e+00 1.441391061718042543e+00 2.547899572632763010e-01
7.500503897066707282e+00 1.441621157965892630e+00 2.545168810976922158e-01
7.525757021281048509e+00 1.441852149879697009e+00 2.542460560707671124e-01
7.551010145495389736e+00 1.442083984536965513e+00 2.539774791819260913e-01
7.576263269709730963e+00 1.442316610167953428e+00 2.537111469447363432e-01
7.601516393924073967e+00 1.442549976134870349e+00 2.534470554056926228e-01
7.626769518138415194e+00 1.442784032911448522e+00 2.531852001624345649e-01
7.652022642352756421e+00 1.443018732062847365e+00 2.529255763814086122e-01
7.677275766567097648e+00 1.443254026225896158e+00 2.526681788149923169e-01
7.702528890781438875e+00 1.443489869089674249e+00 2.524130018181006130e-01
7.727782014995780102e+00 1.443726215376409661e+00 2.521600393642759452e-01
7.753035139210121329e+00 1.443963020822713217e+00 2.519092850612929535e-01
7.778288263424462556e+00 1.444200242161111758e+00 2.516607321662790442e-01
7.803541387638805560e+00 1.444437837101907984e+00 2.514143736003696117e-01
7.828794511853146787e+00 1.444675764315338728e+00 2.511702019629118432e-01
7.854047636067488014e+00 1.444913983414035652e+00 2.509282095452264882e-01
7.879300760281829241e+00 1.445152454935783926e+00 2.506883883439446903e-01
7.904553884496170468e+00 1.445391140326573343e+00 2.504507300739278186e-01
7.929807008710511695e+00 1.445630001923935204e+00 2.502152261807840672e-01
7.955060132924852923e+00 1.445869002940560755e+00 2.499818678529949212e-01
7.980313257139194150e+00 1.446108107448194291e+00 2.497506460336566259e-01
8.005566381353535377e+00 1.446347280361812926e+00 2.495215514318607219e-01
8.030819505567878380e+00 1.446586487424056822e+00 2.492945745337040442e-01
8.056072629782219607e+00 1.446825695189932093e+00 2.490697056129589082e-01
8.081325753996560834e+00 1.447064871011779497e+00 2.488469347414013211e-01
8.106578878210902062e+00 1.447303983024488261e+00 2.486262517988101772e-01
8.131832002425243289e+00 1.447543000130970370e+00 2.484076464826469877e-01
8.157085126639584516e+00 1.447781891987870662e+00 2.481911083174267452e-01
8.182338250853925743e+00 1.448020628991535608e+00 2.479766266637860317e-01
8.207591375068266970e+00 1.448259182264211242e+00 2.477641907272599420e-01
8.232844499282609974e+00 1.448497523640474904e+00 2.475537895667740962e-01
8.258097623496951201e+00 1.448735625653902792e+00 2.473454121028608454e-01
8.283350747711292428e+00 1.448973461523971995e+00 2.471390471256111054e-01
8.308603871925633655e+00 1.449211005143168807e+00 2.469346833023599308e-01
8.333856996139974882e+00 1.449448231064333070e+00 2.467323091851259254e-01
8.359110120354316109e+00 1.449685114488215465e+00 2.465319132178032668e-01
8.384363244568657336e+00 1.449921631251238408e+00 2.463334837431155055e-01
8.409616368782998563e+00 1.450157757813483439e+00 2.461370090093400742e-01
8.434869492997341567e+00 1.450393471246866017e+00 2.459424771768085327e-01
8.460122617211682794e+00 1.450628749223530800e+00 2.457498763241874329e-01
8.485375741426024021e+00 1.450863570004432113e+00 2.455591944545525707e-01
8.510628865640365248e+00 1.451097912428118475e+00 2.453704195012539335e-01
8.535881989854706475e+00 1.451331755899706311e+00 2.451835393335839441e-01
8.561135114069047702e+00 1.451565080380045059e+00 2.449985417622548844e-01
8.586388238283388930e+00 1.451797866375069246e+00 2.448154145446855279e-01
8.611641362497730157e+00 1.452030094925331971e+00 2.446341453901085816e-01
8.636894486712073160e+00 1.452261747595722241e+00 2.444547219645015756e-01
8.662147610926414387e+00 1.452492806465350617e+00 2.442771318953466386e-01
8.687400735140755614e+00 1.452723254117625817e+00 2.441013627762244342e-01
8.712653859355096841e+00 1.452953073630482761e+00 2.439274021712480589e-01
8.737906983569438069e+00 1.453182248566803558e+00 2.437552376193397596e-01
8.763160107783779296e+00 1.453410762964971736e+00 2.435848566383563840e-01
8.788413231998120523e+00 1.453638601329628299e+00 2.434162467290692244e-01
8.813666356212461750e+00 1.453865748622554577e+00 2.432493953789995333e-01
8.838919480426802977e+00 1.454092190253734485e+00 2.430842900661190631e-01
8.864172604641145981e+00 1.454317912072560448e+00 2.429209182624108843e-01
8.889425728855487208e+00 1.454542900359199420e+00 2.427592674373072190e-01
8.914678853069828435e+00 1.454767141816106779e+00 2.425993250609966845e-01
8.939931977284169662e+00 1.454990623559680119e+00 2.424410786076102164e-01
8.965185101498510889e+00 1.455213333112073348e+00 2.422845155582890597e-01
8.990438225712852116e+00 1.455435258393141362e+00 2.421296234041377393e-01
9.015691349927193343e+00 1.455656387712528810e+00 2.419763896490644828e-01
9.040944474141534570e+00 1.455876709761898313e+00 2.418248018125174204e-01
9.066197598355877574e+00 1.456096213607295686e+00 2.416748474321092355e-01
9.091450722570218801e+00 1.456314888681642605e+00 2.415265140661475296e-01
9.116703846784560028e+00 1.456532724777369836e+00 2.413797892960613811e-01
9.141956970998901255e+00 1.456749712039167255e+00 2.412346607287363942e-01
9.167210095213242482e+00 1.456965840956878422e+00 2.410911159987544072e-01
9.192463219427583709e+00 1.457181102358499070e+00 2.409491427705444944e-01
9.217716343641924936e+00 1.457395487403318146e+00 2.408087287404485355e-01
9.242969467856266164e+00 1.457608987575167436e+00 2.406698616387002998e-01
9.268222592070609167e+00 1.457821594675789756e+00 2.405325292313243435e-01
9.293475716284950394e+00 1.458033300818336153e+00 2.403967193219556098e-01
9.318728840499291621e+00 1.458244098420962365e+00 2.402624197535818684e-01
9.343981964713632848e+00 1.458453980200548505e+00 2.401296184102138243e-01
9.369235088927974076e+00 1.458662939166525341e+00 2.399983032184810627e-01
9.394488213142315303e+00 1.458870968614814023e+00 2.398684621491589675e-01
9.419741337356656530e+00 1.459078062121868635e+00 2.397400832186293851e-01
9.444994461570997757e+00 1.459284213538826647e+00 2.396131544902750377e-01
9.470247585785340760e+00 1.459489416985760846e+00 2.394876640758102082e-01
9.495500709999681987e+00 1.459693666846042737e+00 2.393636001365513077e-01
9.520753834214023215e+00 1.459896957760789427e+00 2.392409508846266297e-01
9.546006958428364442e+00 1.460099284623427751e+00 2.391197045841310653e-01
9.571260082642705669e+00 1.460300642574341001e+00 2.389998495522224209e-01
9.596513206857046896e+00 1.460501026995622231e+00 2.388813741601657492e-01
9.621766331071388123e+00 1.460700433505909057e+00 2.387642668343246677e-01
9.647019455285729350e+00 1.460898857955327035e+00 2.386485160571031605e-01
9.672272579500070577e+00 1.461096296420510088e+00 2.385341103678375874e-01
9.697525703714413581e+00 1.461292745199712861e+00 2.384210383636408970e-01
9.722778827928754808e+00 1.461488200808017446e+00 2.383092887002045135e-01
9.748031952143096035e+00 1.461682659972623144e+00 2.381988500925506791e-01
9.773285076357437262e+00 1.461876119628210846e+00 2.380897113157469658e-01
9.798538200571778489e+00 1.462068576912413098e+00 2.379818612055764337e-01
9.823791324786119716e+00 1.462260029161345232e+00 2.378752886591684879e-01
9.849044449000460943e+00 1.462450473905224424e+00 2.377699826355917367e-01
9.874297573214802171e+00 1.462639908864072691e+00 2.376659321564083271e-01
9.899550697429145174e+00 1.462828331943493820e+00 2.375631263061931120e-01
9.924803821643486401e+00 1.463015741230521805e+00 2.374615542330165141e-01
9.950056945857827628e+00 1.463202134989558534e+00 2.373612051488954711e-01
9.975310070072168855e+00 1.463387511658370554e+00 2.372620683302092415e-01
1.000056319428651008e+01 1.463571869844167095e+00 2.371641331180860401e-01
1.002581631850085131e+01 1.463755208319748702e+00 2.370673889187580319e-01
1.005106944271519254e+01 1.463937526019726709e+00 2.369718252038857387e-01
1.007632256692953376e+01 1.464118822036807321e+00 2.368774315108562178e-01
1.010157569114387499e+01 1.464299095618148305e+00 2.367841974430527630e-01
