# t  y_pred  dy_pred
-5.983566545402872805e+00 1.701304105564477975e+00 2.863753262312263015e-01
-5.967996465633460978e+00 1.694162062798498125e+00 2.864034198923068875e-01
-5.952426385864049152e+00 1.686984864029770659e+00 2.864322764161723045e-01
-5.936856306094637326e+00 1.679772390111388569e+00 2.864619021559420831e-01
-5.921286226325225499e+00 1.672524522584382112e+00 2.864923034694782933e-01
-5.905716146555814561e+00 1.665241143704763171e+00 2.865234867182266942e-01
-5.890146066786402734e+00 1.657922136471102981e+00 2.865554582660194693e-01
-5.874575987016990908e+00 1.650567384652639413e+00 2.865882244778373278e-01
-5.859005907247579081e+00 1.643176772817955600e+00 2.866217917185341912e-01
-5.843435827478167255e+00 1.635750186364182568e+00 2.866561663515154734e-01
-5.827865747708755428e+00 1.628287511546792299e+00 2.866913547373793336e-01
-5.812295667939343602e+00 1.620788635509952336e+00 2.867273632325108568e-01
-5.796725588169931775e+00 1.613253446317473472e+00 2.867641981876321022e-01
-5.781155508400520837e+00 1.605681832984331203e+00 2.868018659463054676e-01
-5.765585428631109011e+00 1.598073685508812236e+00 2.868403728433914224e-01
-5.750015348861697184e+00 1.590428894905253632e+00 2.868797252034568923e-01
-5.734445269092285358e+00 1.582747353237408561e+00 2.869199293391325734e-01
-5.718875189322873531e+00 1.575028953652450436e+00 2.869609915494219510e-01
-5.703305109553461705e+00 1.567273590415596551e+00 2.870029181179544753e-01
-5.687735029784049878e+00 1.559481158945398294e+00 2.870457153111878879e-01
-5.672164950014638052e+00 1.551651555849688391e+00 2.870893893765543159e-01
-5.656594870245227114e+00 1.543784678962186074e+00 2.871339465405479685e-01
-5.641024790475815287e+00 1.535880427379793689e+00 2.871793930067589873e-01
-5.625454710706403461e+00 1.527938701500577423e+00 2.872257349538424043e-01
-5.609884630936991634e+00 1.519959403062439041e+00 2.872729785334308117e-01
-5.594314551167579808e+00 1.511942435182521249e+00 2.873211298679807513e-01
-5.578744471398167981e+00 1.503887702397302739e+00 2.873701950485577639e-01
-5.563174391628756155e+00 1.495795110703440622e+00 2.874201801325525496e-01
-5.547604311859344328e+00 1.487664567599358945e+00 2.874710911413325687e-01
-5.532034232089932502e+00 1.479495982127566833e+00 2.875229340578214221e-01
-5.516464152320521563e+00 1.471289264917771566e+00 2.875757148240099537e-01
-5.500894072551109737e+00 1.463044328230723279e+00 2.876294393383925230e-01
-5.485323992781697910e+00 1.454761086002883230e+00 2.876841134533302813e-01
-5.469753913012286084e+00 1.446439453891860349e+00 2.877397429723357880e-01
-5.454183833242874258e+00 1.438079349322663347e+00 2.877963336472821321e-01
-5.438613753473462431e+00 1.429680691534765735e+00 2.878538911755293417e-01
-5.423043673704050605e+00 1.421243401630001735e+00 2.879124211969696367e-01
-5.407473593934638778e+00 1.412767402621298185e+00 2.879719292909879713e-01
-5.391903514165226952e+00 1.404252619482252662e+00 2.880324209733359786e-01
-5.376333434395816013e+00 1.395698979197580680e+00 2.880939016929205398e-01
-5.360763354626404187e+00 1.387106410814422874e+00 2.881563768284949312e-01
-5.345193274856992360e+00 1.378474845494549461e+00 2.882198516852664816e-01
-5.329623195087580534e+00 1.369804216567438893e+00 2.882843314913991484e-01
-5.314053115318168707e+00 1.361094459584285765e+00 2.883498213944279964e-01
-5.298483035548756881e+00 1.352345512372901792e+00 2.884163264575685948e-01
-5.282912955779345054e+00 1.343557315093561355e+00 2.884838516559264376e-01
-5.267342876009934116e+00 1.334729810295773200e+00 2.885524018726010609e-01
-5.251772796240522290e+00 1.325862942976008929e+00 2.886219818946859084e-01
-5.236202716471110463e+00 1.316956660636393384e+00 2.886925964091549002e-01
-5.220632636701698637e+00 1.308010913344357373e+00 2.887642499986429190e-01
-5.205062556932286810e+00 1.299025653793285606e+00 2.888369471371055597e-01
-5.189492477162874984e+00 1.290000837364139619e+00 2.889106921853676901e-01
-5.173922397393463157e+00 1.280936422188114321e+00 2.889854893865489438e-01
-5.158352317624051331e+00 1.271832369210275759e+00 2.890613428613695857e-01
-5.142782237854639504e+00 1.262688642254245819e+00 2.891382566033295909e-01
-5.127212158085228566e+00 1.253505208087918321e+00 2.892162344737591040e-01
-5.111642078315816740e+00 1.244282036490218513e+00 2.892952801967426657e-01
-5.096071998546404913e+00 1.235019100318922147e+00 2.893753973539042734e-01
-5.080501918776993087e+00 1.225716375579538608e+00 2.894565893790629341e-01
-5.064931839007581260e+00 1.216373841495273389e+00 2.895388595527410569e-01
-5.049361759238169434e+00 1.206991480578072595e+00 2.896222109965373437e-01
-5.033791679468757607e+00 1.197569278700766127e+00 2.897066466673527407e-01
-5.018221599699345781e+00 1.188107225170316639e+00 2.897921693514649566e-01
-5.002651519929933954e+00 1.178605312802180949e+00 2.898787816584553201e-01
-4.987081440160523016e+00 1.169063537995788327e+00 2.899664860149799295e-01
-4.971511360391111189e+00 1.159481900811164312e+00 2.900552846583817623e-01
-4.955941280621699363e+00 1.149860405046675416e+00 2.901451796301456332e-01
-4.940371200852287537e+00 1.140199058317940661e+00 2.902361727691821769e-01
-4.924801121082875710e+00 1.130497872137876669e+00 2.903282657049533477e-01
-4.909231041313463884e+00 1.120756861997925347e+00 2.904214598504195055e-01
-4.893660961544052057e+00 1.110976047450434212e+00 2.905157563948150834e-01
-4.878090881774641119e+00 1.101155452192216444e+00 2.906111562962496730e-01
-4.862520802005228404e+00 1.091295104149296424e+00 2.907076602741237026e-01
-4.846950722235817466e+00 1.081395035562834561e+00 2.908052688013623155e-01
-4.831380642466405639e+00 1.071455283076251153e+00 2.909039820964607337e-01
-4.815810562696993813e+00 1.061475887823533970e+00 2.910038001153398834e-01
-4.800240482927581986e+00 1.051456895518754209e+00 2.911047225430060670e-01
-4.784670403158170160e+00 1.041398356546787252e+00 2.912067487850116265e-01
-4.769100323388758333e+00 1.031300326055226479e+00 2.913098779587154907e-01
-4.753530243619346507e+00 1.021162864047516994e+00 2.914141088843399396e-01
-4.737960163849935569e+00 1.010986035477293488e+00 2.915194400758148174e-01
-4.722390084080523742e+00 1.000769910343915825e+00 2.916258697314120241e-01
-4.706820004311111916e+00 9.905145637892367461e-01 2.917333957241652898e-01
-4.691249924541700089e+00 9.802200761955570663e-01 2.918420155920681824e-01
-4.675679844772288263e+00 9.698865332847974585e-01 2.919517265280491825e-01
-4.660109765002876436e+00 9.595140262188648350e-01 2.920625253697252122e-01
-4.644539685233464610e+00 9.491026517012258745e-01 2.921744085889189657e-01
-4.628969605464052783e+00 9.386525120796734845e-01 2.922873722809466446e-01
-4.613399525694640957e+00 9.281637154502864195e-01 2.924014121536697708e-01
-4.597829445925230019e+00 9.176363757625549677e-01 2.925165235163035282e-01
-4.582259366155818192e+00 9.070706129257090078e-01 2.926327012679846296e-01
-4.566689286386406366e+00 8.964665529161837121e-01 2.927499398860921587e-01
-4.551119206616994539e+00 8.858243278862636405e-01 2.928682334143150046e-01
-4.535549126847582713e+00 8.751440762738557089e-01 2.929875754504706609e-01
-4.519979047078170886e+00 8.644259429133984707e-01 2.931079591340649548e-01
-4.504408967308759060e+00 8.536700791479014949e-01 2.932293771335901522e-01
-4.488838887539348121e+00 8.428766429420599948e-01 2.933518216335660456e-01
-4.473268807769935407e+00 8.320457989964785694e-01 2.934752843213083162e-01
-4.457698728000524468e+00 8.211777188629557633e-01 2.935997563734343285e-01
-4.442128648231112642e+00 8.102725810608053525e-01 2.937252284420937554e-01
-4.426558568461700816e+00 7.993305711942110259e-01 2.938516906409265883e-01
-4.410988488692288989e+00 7.883518820705830432e-01 2.939791325307437031e-01
-4.395418408922877163e+00 7.773367138198832293e-01 2.941075431049302025e-01
-4.379848329153465336e+00 7.662852740149063147e-01 2.942369107745637091e-01
-4.364278249384053510e+00 7.551977777924723245e-01 2.943672233532521609e-01
-4.348708169614642571e+00 7.440744479755172502e-01 2.944984680416848910e-01
-4.333138089845230745e+00 7.329155151960242698e-01 2.946306314118942171e-01
-4.317568010075818918e+00 7.217212180187912995e-01 2.947636993912302605e-01
-4.301997930306407092e+00 7.104918030659669315e-01 2.948976572460422774e-01
-4.286427850536995265e+00 6.992275251423327731e-01 2.950324895650691670e-01
-4.270857770767583439e+00 6.879286473612801212e-01 2.951681802425341061e-01
-4.255287690998171612e+00 6.765954412714575428e-01 2.953047124609488039e-01
-4.239717611228759786e+00 6.652281869839989925e-01 2.954420686736151103e-01
-4.224147531459347960e+00 6.538271733003327979e-01 2.955802305868379110e-01
-4.208577451689937021e+00 6.423926978404805865e-01 2.957191791418355975e-01
-4.193007371920525195e+00 6.309250671718057424e-01 2.958588944963581602e-01
-4.177437292151113368e+00 6.194245969381593220e-01 2.959993560060069639e-01
-4.161867212381701542e+00 6.078916119893450487e-01 2.961405422052574288e-01
-4.146297132612289715e+00 5.963264465108584211e-01 2.962824307881892216e-01
-4.130727052842877889e+00 5.847294441538007925e-01 2.964249985889200190e-01
-4.115156973073466062e+00 5.731009581649438855e-01 2.965682215617469475e-01
-4.099586893304055124e+00 5.614413515168260593e-01 2.967120747609980902e-01
-4.084016813534642409e+00 5.497509970378234856e-01 2.968565323205920037e-01
-4.068446733765231471e+00 5.380302775421200723e-01 2.970015674333138511e-01
-4.052876653995819645e+00 5.262795859594668890e-01 2.971471523298047090e-01
-4.037306574226407818e+00 5.144993254646725855e-01 2.972932582572697657e-01
-4.021736494456995992e+00 5.026899096067043438e-01 2.974398554579121834e-01
-4.006166414687584165e+00 4.908517624373212040e-01 2.975869131470892937e-01
-3.990596334918172339e+00 4.789853186391332951e-01 2.977343994912025615e-01
-3.975026255148760956e+00 4.670910236529679516e-01 2.978822815853209849e-01
-3.959456175379349130e+00 4.551693338044664472e-01 2.980305254305463669e-01
-3.943886095609937303e+00 4.432207164297519153e-01 2.981790959111240702e-01
-3.928316015840525477e+00 4.312456500000951820e-01 2.983279567713086333e-01
-3.912745936071114095e+00 4.192446242454223593e-01 2.984770705919830291e-01
-3.897175856301702268e+00 4.072181402765494562e-01 2.986263987670507158e-01
-3.881605776532290442e+00 3.951667107060176098e-01 2.987759014795979828e-01
-3.866035696762878615e+00 3.830908597673718941e-01 2.989255376778387485e-01
-3.850465616993467233e+00 3.709911234327653573e-01 2.990752650508496924e-01
-3.834895537224055406e+00 3.588680495287195349e-01 2.992250400041073788e-01
-3.819325457454643580e+00 3.467221978498982171e-01 2.993748176348342560e-01
-3.803755377685231753e+00 3.345541402707377099e-01 2.995245517071637442e-01
-3.788185297915820371e+00 3.223644608547621138e-01 2.996741946271369583e-01
-3.772615218146408544e+00 3.101537559614237494e-01 2.998236974175466085e-01
-3.757045138376996718e+00 2.979226343502774377e-01 2.999730096926279677e-01
-3.741475058607584891e+00 2.856717172823370898e-01 3.001220796326248275e-01
-3.725904978838173509e+00 2.734016386183859004e-01 3.002708539582334413e-01
-3.710334899068761683e+00 2.611130449140926513e-01 3.004192779049413287e-01
-3.694764819299349856e+00 2.488065955116937900e-01 3.005672951972777063e-01
-3.679194739529938030e+00 2.364829626280735286e-01 3.007148480229880905e-01
-3.663624659760526647e+00 2.241428314390007392e-01 3.008618770071502246e-01
-3.648054579991114821e+00 2.117869001593176426e-01 3.010083211862476515e-01
-3.632484500221702994e+00 1.994158801188689323e-01 3.011541179822184167e-01
-3.616914420452291168e+00 1.870304958339137347e-01 3.012992031764946677e-01
-3.601344340682879341e+00 1.746314850738021618e-01 3.014435108840586297e-01
-3.585774260913467959e+00 1.622195989226834778e-01 3.015869735275204522e-01
-3.570204181144056133e+00 1.497956018359530850e-01 3.017295218112535649e-01
-3.554634101374644306e+00 1.373602716912391830e-01 3.018710846955964811e-01
-3.539064021605232480e+00 1.249143998336194328e-01 3.020115893711467492e-01
-3.523493941835821097e+00 1.124587911148172970e-01 3.021509612331660932e-01
-3.507923862066409271e+00 9.999426392610144543e-02 3.022891238561226657e-01
-3.492353782296997444e+00 8.752165022459826305e-02 3.024259989683891203e-01
-3.476783702527585618e+00 7.504179555272522117e-02 3.025615064271213739e-01
-3.461213622758174235e+00 6.255555905045415144e-02 3.026955641933409269e-01
-3.445643542988762409e+00 5.006381346009822902e-02 3.028280883072472229e-01
-3.430073463219350582e+00 3.756744512329960456e-02 3.029589928637826390e-01
-3.414503383449938756e+00 2.506735396991675163e-02 3.030881899884738107e-01
-3.398933303680527374e+00 1.256445349846194853e-02 3.032155898135792116e-01
-3.383363223911115547e+00 5.967074779365116877e-05 3.033411004545645828e-01
-3.367793144141703721e+00 -1.244605374033110751e-02 3.034646279869356866e-01
-3.352223064372291894e+00 -2.495176596813077768e-02 3.035860764234513121e-01
-3.336652984602880512e+00 -3.745649853850376715e-02 3.037053476917493389e-01
-3.321082904833468685e+00 -4.995927072189067925e-02 3.038223416124042897e-01
-3.305512825064056859e+00 -6.245908853368006136e-02 3.039369558774530078e-01
-3.289942745294645032e+00 -7.495494482252693103e-02 3.040490860294061681e-01
-3.274372665525233206e+00 -8.744581936995257654e-02 3.041586254407845913e-01
-3.258802585755821823e+00 -9.993067900163990491e-02 3.042654652941954585e-01
-3.243232505986409997e+00 -1.124084777107894617e-01 3.043694945629831783e-01
-3.227662426216998171e+00 -1.248781567939551695e-01 3.044705999924816608e-01
-3.212092346447586344e+00 -1.373386449997543723e-01 3.045686660818942570e-01
-3.196522266678174962e+00 -1.497888586908789899e-01 3.046635750668242881e-01
-3.180952186908763135e+00 -1.622277020198024111e-01 3.047552069024916932e-01
-3.165382107139351309e+00 -1.746540671186357918e-01 3.048434392476508381e-01
-3.149812027369939482e+00 -1.870668343035328529e-01 3.049281474492446242e-01
-3.134241947600528100e+00 -1.994648722941033681e-01 3.050092045278146036e-01
-3.118671867831116273e+00 -2.118470384482649127e-01 3.050864811636934126e-01
-3.103101788061704447e+00 -2.242121790129711079e-01 3.051598456840027840e-01
-3.087531708292292620e+00 -2.365591293912722159e-01 3.052291640504786741e-01
-3.071961628522881238e+00 -2.488867144261718289e-01 3.052942998481502079e-01
-3.056391548753469412e+00 -2.611937487017125248e-01 3.053551142748871516e-01
-3.040821468984057585e+00 -2.734790368617889822e-01 3.054114661318423352e-01
-3.025251389214645759e+00 -2.857413739471066916e-01 3.054632118148007391e-01
-3.009681309445234376e+00 -2.979795457508022660e-01 3.055102053064609469e-01
-2.994111229675822550e+00 -3.101923291931585336e-01 3.055522981696576768e-01
-2.978541149906410723e+00 -3.223784927159158986e-01 3.055893395415457126e-01
-2.962971070136998897e+00 -3.345367966966290574e-01 3.056211761287540574e-01
-2.947400990367587070e+00 -3.466659938835677801e-01 3.056476522035275756e-01
-2.931830910598175688e+00 -3.587648298516311618e-01 3.056686096008578435e-01
-2.916260830828763861e+00 -3.708320434797406362e-01 3.056838877166199731e-01
-2.900690751059352035e+00 -3.828663674502106318e-01 3.056933235067169075e-01
-2.885120671289940208e+00 -3.948665287705553917e-01 3.056967514872332981e-01
-2.869550591520528826e+00 -4.068312493182174583e-01 3.056940037356070117e-01
-2.853980511751117000e+00 -4.187592464086835053e-01 3.056849098928122732e-01
-2.838410431981705173e+00 -4.306492333874625822e-01 3.056692971665574965e-01
-2.822840352212293347e+00 -4.424999202463825165e-01 3.056469903354859241e-01
-2.807270272442881964e+00 -4.543100142646835371e-01 3.056178117543810191e-01
-2.791700192673470138e+00 -4.660782206753418255e-01 3.055815813603600106e-01
-2.776130112904058311e+00 -4.778032433570861270e-01 3.055381166800455461e-01
-2.760560033134646485e+00 -4.894837855525439596e-01 3.054872328377006840e-01
-2.744989953365235102e+00 -5.011185506129490763e-01 3.054287425643142928e-01
-2.729419873595823276e+00 -5.127062427698317881e-01 3.053624562076068250e-01
-2.713849793826411450e+00 -5.242455679340995989e-01 3.052881817429476397e-01
-2.698279714056999623e+00 -5.357352345228989510e-01 3.052057247851426847e-01
-2.682709634287588241e+00 -5.471739543146718621e-01 3.051148886010803252e-01
-2.667139554518176414e+00 -5.585604433327201468e-01 3.050154741231940192e-01
-2.651569474748764588e+00 -5.698934227576679667e-01 3.049072799637124742e-01
-2.635999394979352761e+00 -5.811716198691331270e-01 3.047901024296587047e-01
-2.620429315209940935e+00 -5.923937690169194248e-01 3.046637355385649615e-01
-2.604859235440529552e+00 -6.035586126219955050e-01 3.045279710348562374e-01
-2.589289155671117726e+00 -6.146649022075345581e-01 3.043825984068606605e-01
-2.573719075901705899e+00 -6.257113994602225837e-01 3.042274049044056961e-01
-2.558148996132294073e+00 -6.366968773220341715e-01 3.040621755569390405e-01
-2.542578916362882691e+00 -6.476201211126351165e-01 3.038866931921419545e-01
-2.527008836593470864e+00 -6.584799296825165627e-01 3.037007384549654798e-01
-2.511438756824059038e+00 -6.692751165969457183e-01 3.035040898270454646e-01
-2.495868677054647211e+00 -6.800045113507617867e-01 3.032965236464377212e-01
-2.480298597285235829e+00 -6.906669606139836937e-01 3.030778141276141979e-01
-2.464728517515824002e+00 -7.012613295081614462e-01 3.028477333816618211e-01
-2.449158437746412176e+00 -7.117865029133316757e-01 3.026060514366278875e-01
-2.433588357977000349e+00 -7.222413868053658703e-01 3.023525362579448372e-01
-2.418018278207588967e+00 -7.326249096234510594e-01 3.020869537688815054e-01
-2.402448198438177140e+00 -7.429360236673367979e-01 3.018090678709496877e-01
-2.386878118668765314e+00 -7.531737065239253459e-01 3.015186404642156703e-01
-2.371308038899353487e+00 -7.633369625226555932e-01 3.012154314674473365e-01
-2.355737959129942105e+00 -7.734248242191001932e-01 3.008991988380431692e-01
-2.340167879360530279e+00 -7.834363539059964188e-01 3.005696985916810338e-01
-2.324597799591118452e+00 -7.933706451508824031e-01 3.002266848216336714e-01
-2.309027719821706626e+00 -8.032268243593790880e-01 2.998699097176912853e-01
-2.293457640052294799e+00 -8.130040523629917804e-01 2.994991235846446997e-01
-2.277887560282883417e+00 -8.227015260301753230e-01 2.991140748602807986e-01
-2.262317480513471590e+00 -8.323184798992762090e-01 2.987145101328372299e-01
-2.246747400744059764e+00 -8.418541878317219451e-01 2.983001741578859556e-01
-2.231177320974647937e+00 -8.513079646837403702e-01 2.978708098746020161e-01
-2.215607241205236555e+00 -8.606791679946014240e-01 2.974261584213916398e-01
-2.200037161435824729e+00 -8.699671996892179848e-01 2.969659591508513885e-01
-2.184467081666412902e+00 -8.791715077926895994e-01 2.964899496440415172e-01
-2.168897001897001076e+00 -8.882915881541093572e-01 2.959978657240631139e-01
-2.153326922127589693e+00 -8.973269861767319000e-01 2.954894414689335780e-01
-2.137756842358177867e+00 -9.062772985512433932e-01 2.949644092237670434e-01
-2.122186762588766040e+00 -9.151421749886303747e-01 2.944224996122742355e-01
-2.106616682819354214e+00 -9.239213199487450456e-01 2.938634415476000794e-01
-2.091046603049942831e+00 -9.326144943603920101e-01 2.932869622425442468e-01
-2.075476523280531005e+00 -9.412215173282370007e-01 2.926927872191967261e-01
-2.059906443511119178e+00 -9.497422678216065339e-01 2.920806403180528088e-01
-2.044336363741707352e+00 -9.581766863396004030e-01 2.914502437066763263e-01
-2.028766283972295970e+00 -9.665247765466558061e-01 2.908013178879870764e-01
-2.013196204202884143e+00 -9.747866068720139054e-01 2.901335817082744684e-01
-1.997626124433472317e+00 -9.829623120661274971e-01 2.894467523650413043e-01
-1.982056044664060934e+00 -9.910520947063807817e-01 2.887405454148019301e-01
-1.966485964894649108e+00 -9.990562266438851591e-01 2.880146747809760321e-01
-1.950915885125237281e+00 -1.006975050382447501e+00 2.872688527620261278e-01
-1.935345805355825455e+00 -1.014808980380079717e+00 2.865027900400132777e-01
-1.919775725586413628e+00 -1.022558504262657264e+00 2.857161956897519839e-01
-1.904205645817001802e+00 -1.030224183938473370e+00 2.849087771887688358e-01
-1.888635566047589975e+00 -1.037806656601637068e+00 2.840802404282781746e-01
-1.873065486278178149e+00 -1.045306635611230606e+00 2.832302897254134755e-01
-1.857495406508767211e+00 -1.052724911232218119e+00 2.823586278369605851e-01
-1.841925326739355384e+00 -1.060062351222973431e+00 2.814649559748582663e-01
-1.826355246969943558e+00 -1.067319901253224845e+00 2.805489738237522679e-01
-1.810785167200531731e+00 -1.074498585134929574e+00 2.796103795608955167e-01
-1.795215087431119905e+00 -1.081599504847361226e+00 2.786488698787050189e-01
-1.779645007661708078e+00 -1.088623840336298665e+00 2.776641400103074253e-01
-1.764074927892296252e+00 -1.095572849065761911e+00 2.766558837584041086e-01
-1.748504848122884425e+00 -1.102447865299168939e+00 2.756237935278131324e-01
-1.732934768353473487e+00 -1.109250299085178471e+00 2.745675603620453820e-01
-1.717364688584061660e+00 -1.115981634921710874e+00 2.734868739842894469e-01
-1.701794608814649834e+00 -1.122643430069795389e+00 2.723814228431806761e-01
-1.686224529045238008e+00 -1.129237312486954359e+00 2.712508941637470916e-01
-1.670654449275826181e+00 -1.135764978347706844e+00 2.700949740039171876e-01
-1.655084369506414355e+00 -1.142228189116603509e+00 2.689133473169855737e-01
-1.639514289737002528e+00 -1.148628768136904954e+00 2.677056980204314263e-01
-1.623944209967590702e+00 -1.154968596695446603e+00 2.664717090714841530e-01
-1.608374130198178875e+00 -1.161249609521762594e+00 2.652110625498258489e-01
-1.592804050428767937e+00 -1.167473789676668261e+00 2.639234397478152916e-01
-1.577233970659356110e+00 -1.173643162782670668e+00 2.626085212686143366e-01
-1.561663890889944284e+00 -1.179759790545472420e+00 2.612659871325855310e-01
-1.546093811120532457e+00 -1.185825763512636799e+00 2.598955168923190451e-01
-1.530523731351120631e+00 -1.191843193012038116e+00 2.584967897566382566e-01
-1.514953651581708804e+00 -1.197814202209198431e+00 2.570694847239194392e-01
-1.499383571812296978e+00 -1.203740916218809964e+00 2.556132807250495742e-01
-1.483813492042885152e+00 -1.209625451201841617e+00 2.541278567763383678e-01
-1.468243412273474213e+00 -1.215469902375473588e+00 2.526128921426791796e-01
-1.452673332504062387e+00 -1.221276330858817039e+00 2.510680665112676180e-01
-1.437103252734650560e+00 -1.227046749272840298e+00 2.494930601761687905e-01
-1.421533172965238734e+00 -1.232783106008272345e+00 2.478875542340365223e-01
-1.405963093195826907e+00 -1.238487268070347813e+00 2.462512307913018728e-01
-1.390393013426415081e+00 -1.244161002404224003e+00 2.445837731831774775e-01
-1.374822933657003254e+00 -1.249805955599704088e+00 2.428848662048650464e-01
-1.359252853887591428e+00 -1.255423631868492818e+00 2.411541963554106049e-01
-1.343682774118180490e+00 -1.261015369181771817e+00 2.393914520947435787e-01
-1.328112694348768663e+00 -1.266582313450273167e+00 2.375963241145457039e-01
-1.312542614579356837e+00 -1.272125390623328300e+00 2.357685056237500965e-01
-1.296972534809945010e+00 -1.277645276577779931e+00 2.339076926496469755e-01
-1.281402455040533184e+00 -1.283142364661912893e+00 2.320135843558369382e-01
-1.265832375271121357e+00 -1.288616730754067685e+00 2.300858833785487112e-01
-1.250262295501709531e+00 -1.294068095690245279e+00 2.281242961832306015e-01
-1.234692215732297704e+00 -1.299495784909927565e+00 2.261285334437537764e-01
-1.219122135962885878e+00 -1.304898685164745720e+00 2.240983104471384602e-01
-1.203552056193474940e+00 -1.310275198130484098e+00 2.220333475273458534e-01
-1.187981976424063113e+00 -1.315623190759674710e+00 2.199333705324837962e-01
-1.172411896654651287e+00 -1.320939942209581774e+00 2.177981113306846073e-01
-1.156841816885239460e+00 -1.326222087179327769e+00 2.156273083610286689e-01
-1.141271737115827634e+00 -1.331465555490225050e+00 2.134207072371516467e-01
-1.125701657346415807e+00 -1.336665507745691706e+00 2.111780614126823885e-01
-1.110131577577003981e+00 -1.341816266911650901e+00 2.088991329193871371e-01
-1.094561497807592154e+00 -1.346911245665678880e+00 2.065836931908971996e-01
-1.078991418038181216e+00 -1.351942869373857103e+00 2.042315239871920485e-01
-1.063421338268769389e+00 -1.356902494568998696e+00 2.018424184376265140e-01
-1.047851258499357563e+00 -1.361780322823406220e+00 1.994161822232714265e-01
-1.032281178729945736e+00 -1.366565309934486550e+00 1.969526349226740358e-01
-1.016711098960533910e+00 -1.371245070373410258e+00 1.944516115489259012e-01
-1.001141019191122083e+00 -1.375805776986676054e+00 1.919129643100985216e-01
-9.855709394217102570e-01 -1.380232055989353723e+00 1.893365646297493488e-01
-9.700008596522984305e-01 -1.384506877348401721e+00 1.867223054692754014e-01
-9.544307798828866041e-01 -1.388611440726467583e+00 1.840701039994173394e-01
-9.388607001134756658e-01 -1.392525057243088504e+00 1.813799046741457477e-01
-9.232906203440638393e-01 -1.396225027413231068e+00 1.786516827664611784e-01
-9.077205405746520128e-01 -1.399686515745297566e+00 1.758854484322208978e-01
-8.921504608052401863e-01 -1.402882422624734726e+00 1.730812513748422043e-01
-8.765803810358283599e-01 -1.405783254278338390e+00 1.702391861904804515e-01
-8.610103012664165334e-01 -1.408356991811658521e+00 1.673593984797873691e-01
-8.454402214970047069e-01 -1.410568960541330075e+00 1.644420918183384095e-01
-8.298701417275928804e-01 -1.412381701109709287e+00 1.614875356828975594e-01
-8.143000619581819421e-01 -1.413754844175426850e+00 1.584960744343766048e-01
-7.987299821887701157e-01 -1.414644990824927007e+00 1.554681374600493660e-01
-7.831599024193582892e-01 -1.415005601251954293e+00 1.524042505765876854e-01
-7.675898226499464627e-01 -1.414786894709272769e+00 1.493050487909185209e-01
-7.520197428805346362e-01 -1.413935764254993011e+00 1.461712905067704682e-01
-7.364496631111228098e-01 -1.412395710400040638e+00 1.430038732499148146e-01
-7.208795833417109833e-01 -1.410106798418108820e+00 1.398038509632180681e-01
-7.053095035722991568e-01 -1.407005644809556033e+00 1.365724528923127901e-01
-6.897394238028882185e-01 -1.403025439218869241e+00 1.333111040424689031e-01
-6.741693440334763920e-01 -1.398096008993471973e+00 1.300214471356374857e-01
-6.585992642640645656e-01 -1.392143934538740968e+00 1.267053659322822101e-01
-6.430291844946527391e-01 -1.385092724665962116e+00 1.233650097043655774e-01
-6.274591047252409126e-01 -1.376863062237920321e+00 1.200028185530753327e-01
-6.118890249558290861e-01 -1.367373131575539746e+00 1.166215491575419289e-01
-5.963189451864172597e-01 -1.356539040275586139e+00 1.132243004199209868e-01
-5.807488654170054332e-01 -1.344275349269409503e+00 1.098145383401150504e-01
-5.651787856475936067e-01 -1.330495726078706253e+00 1.063961193140752770e-01
-5.496087058781826684e-01 -1.315113737230744206e+00 1.029733109091422461e-01
-5.340386261087708419e-01 -1.298043796595625743e+00 9.955080903666657655e-02
-5.184685463393590155e-01 -1.279202286888140749e+00 9.613375032723378566e-02
-5.028984665699471890e-01 -1.258508871590122258e+00 9.272771843075791609e-02
-4.873283868005353625e-01 -1.235888013910642735e+00 8.933874292841660625e-02
-4.717583070311235360e-01 -1.211270717878923264e+00 8.597328957329047894e-02
-4.561882272617117096e-01 -1.184596503972393355e+00 8.263824068948556756e-02
-4.406181474922998831e-01 -1.155815627470298645e+00 7.934086477187612951e-02
-4.250480677228889448e-01 -1.124891541569041031e+00 7.608877465310759369e-02
-4.094779879534771183e-01 -1.091803598691324817e+00 7.288987404734770248e-02
-3.939079081840652918e-01 -1.056549971761629791e+00 6.975229283817752091e-02
-3.783378284146534654e-01 -1.019150761786530301e+00 6.668431213539662006e-02
-3.627677486452416389e-01 -9.796512380217826665e-01 6.369428085244237259e-02
-3.471976688758298124e-01 -9.381251313399273650e-01 6.079052630754238490e-02
-3.316275891064179859e-01 -8.946778690060330774e-01 5.798126206879639088e-02
-3.160575093370061595e-01 -8.494495987060421971e-01 5.527449687716275151e-02
-3.004874295675943330e-01 -8.026178001693562436e-01 5.267794891920216799e-02
-2.849173497981833947e-01 -7.543992232351128813e-01 5.019896991574940293e-02
-2.693472700287715682e-01 -7.050508217945072875e-01 4.784448339082372770e-02
-2.537771902593597417e-01 -6.548692757137551945e-01 4.562094105898080454e-02
-2.382071104899479153e-01 -6.041886132376876883e-01 4.353430052246435450e-02
-2.226370307205360888e-01 -5.533753761735401566e-01 4.159002643872541927e-02
-2.070669509511242623e-01 -5.028207301418141650e-01 3.979311606838033949e-02
-1.914968711817124358e-01 -4.529289452470489086e-01 3.814814872060191125e-02
-1.759267914123006094e-01 -4.041018049454445649e-01 3.665935714473383261e-02
-1.603567116428896711e-01 -3.567187988899629958e-01 3.533071740529538513e-02
-1.447866318734778446e-01 -3.111134729239466434e-01 3.416605219774276891e-02
-1.292165521040660181e-01 -2.675470724574679493e-01 3.316914083204239999e-02
-1.136464723346541916e-01 -2.261815851914830422e-01 3.234382712623075362e-02
-9.807639256524236515e-02 -1.870553202873570242e-01 3.169411417456526048e-02
-8.250631279583053868e-02 -1.500649809798632606e-01 3.122423255101856518e-02
-6.693623302641871220e-02 -1.149584282818764680e-01 3.093866650532405005e-02
-5.136615325700688572e-02 -8.134164190752907198e-02 3.084212208272391759e-02
-3.579607348759594743e-02 -4.870159929969036100e-02 3.093942317978084014e-02
-2.022599371818412095e-02 -1.644411351718379904e-02 3.123532762153972964e-02
-4.655913948772294475e-03 1.605729806752540650e-02 3.173426595417248169e-02
1.091416582063953200e-02 4.940784483055805226e-02 3.244001982724176864e-02
2.648424559005135848e-02 8.414058871452814725e-02 3.335537172118164390e-02
4.205432535946318495e-02 1.206750391018160118e-01 3.448176903223375972e-02
5.762440512887501143e-02 1.592899166738619976e-01 3.581904880542831349e-02
7.319448489828683790e-02 2.001119453101352363e-01 3.736526225839527371e-02
8.876456466769866438e-02 2.431197520898148168e-01 3.911662157677701923e-02
1.043346444371096027e-01 2.881598878110775974e-01 4.106756960763047193e-02
1.199047242065214292e-01 3.349709206363062353e-01 4.321095220186295383e-02
1.354748039759332556e-01 3.832114548566567525e-01 4.553825865143669438e-02
1.510448837453450821e-01 4.324885175784426994e-01 4.803989088903442423e-02
1.666149635147569086e-01 4.823837030241826529e-01 5.070542647250134843e-02
1.821850432841687351e-01 5.324754765582019322e-01 5.352385086478220894e-02
1.977551230535805615e-01 5.823569254080214197e-01 5.648374712031972722e-02
2.133252028229923880e-01 6.316489084167185020e-01 5.957344229423768706e-02
2.288952825924033263e-01 6.800089887307000369e-01 6.278111760490358295e-02
2.444653623618151528e-01 7.271367632137725190e-01 6.609489305003769799e-02
2.600354421312269793e-01 7.727762819689308893e-01 6.950289739553142110e-02
2.756055219006388057e-01 8.167162329184681768e-01 7.299333238796398837e-02
2.911756016700506322e-01 8.587884934039629048e-01 7.655453691763260127e-02
3.067456814394624587e-01 8.988655546581469924e-01 8.017505366854311977e-02
3.223157612088742852e-01 9.368572258380720719e-01 8.384369816538296549e-02
3.378858409782861116e-01 9.727069331927304940e-01 8.754962835102758634e-02
3.534559207476979381e-01 1.006387851760349728e+00 9.128241192611105670e-02
3.690260005171088764e-01 1.037899042835187524e+00 9.503208851770157672e-02
3.845960802865207029e-01 1.067261719367712747e+00 9.878922410688124878e-02
4.001661600559325294e-01 1.094515721662401742e+00 1.025449558156129454e-01
4.157362398253443558e-01 1.119716255227220847e+00 1.062910259423516246e-01
4.313063195947561823e-01 1.142930919574814297e+00 1.100198049022633323e-01
4.468763993641680088e-01 1.164237039623389869e+00 1.137243033819464733e-01
4.624464791335798353e-01 1.183719298834860378e+00 1.173981745157831186e-01
4.780165589029916617e-01 1.201467664355289955e+00 1.210357072219832159e-01
4.935866386724026000e-01 1.217575588391817343e+00 1.246318120148452724e-01
5.091567184418144265e-01 1.232138466234668606e+00 1.281820006626232800e-01
5.247267982112262530e-01 1.245252329200035035e+00 1.316823610193850747e-01
5.402968779806380795e-01 1.257012749913555272e+00 1.351295282553304222e-01
5.558669577500499059e-01 1.267513937436878901e+00 1.385206535700008734e-01
5.714370375194617324e-01 1.276848000488455259e+00 1.418533713177964894e-01
5.870071172888735589e-01 1.285104358206194952e+00 1.451257653204263420e-01
6.025771970582853854e-01 1.292369279373164037e+00 1.483363349962776301e-01
6.181472768276963237e-01 1.298725532647072134e+00 1.514839618077021000e-01
6.337173565971081501e-01 1.304252132002789999e+00 1.545678764162045082e-01
6.492874363665199766e-01 1.309024163244800976e+00 1.575876268424799831e-01
6.648575161359318031e-01 1.313112679026022800e+00 1.605430478518852511e-01
6.804275959053436296e-01 1.316584651290753971e+00 1.634342317241489484e-01
6.959976756747554560e-01 1.319502971425633220e+00 1.662615005166714621e-01
7.115677554441672825e-01 1.321926489646380709e+00 1.690253798913661232e-01
7.271378352135791090e-01 1.323910086268980546e+00 1.717265745436480917e-01
7.427079149829909355e-01 1.325504768516118759e+00 1.743659452472131888e-01
7.582779947524018738e-01 1.326757787399894806e+00 1.769444875082607505e-01
7.738480745218137002e-01 1.327712770008419696e+00 1.794633118067682498e-01
7.894181542912255267e-01 1.328409863216120312e+00 1.819236253894969957e-01
8.049882340606373532e-01 1.328885885444475168e+00 1.843267155690076209e-01
8.205583138300491797e-01 1.329174483630354509e+00 1.866739344746516094e-01
8.361283935994610061e-01 1.329306293021436103e+00 1.889666851949604598e-01
8.516984733688728326e-01 1.329309097819979302e+00 1.912064092458457265e-01
8.672685531382846591e-01 1.329207991044539350e+00 1.933945752953547814e-01
8.828386329076955974e-01 1.329025532280132982e+00 1.955326690732634709e-01
8.984087126771074239e-01 1.328781902246753521e+00 1.976221843923717802e-01
9.139787924465192503e-01 1.328495053338748066e+00 1.996646152079219472e-01
9.295488722159310768e-01 1.328180855478046096e+00 2.016614486419230357e-01
9.451189519853429033e-01 1.327853236786410651e+00 2.036141589002649632e-01
9.606890317547547298e-01 1.327524318719429219e+00 2.055242020122183266e-01
9.762591115241665563e-01 1.327204545420779036e+00 2.073930113241407025e-01
9.918291912935783827e-01 1.326902807152443575e+00 2.092219936818642545e-01
1.007399271062990209e+00 1.326626557737217826e+00 2.110125262391981393e-01
1.022969350832401147e+00 1.326381926016396928e+00 2.127659538332058176e-01
1.038539430601812974e+00 1.326173821379793560e+00 2.144835868702893722e-01
1.054109510371224800e+00 1.326006033469013357e+00 2.161666996705891020e-01
1.069679590140636627e+00 1.325881326189522147e+00 2.178165292217229820e-01
1.085249669910048453e+00 1.325801526194078539e+00 2.194342742963906190e-01
1.100819749679460280e+00 1.325767606020507472e+00 2.210210948918008567e-01
1.116389829448872106e+00 1.325779762081598312e+00 2.225781119522444451e-01
1.131959909218283933e+00 1.325837487715204821e+00 2.241064073393530254e-01
1.147529988987694871e+00 1.325939641508908862e+00 2.256070240176777930e-01
1.163100068757106698e+00 1.326084511116732534e+00 2.270809664261565219e-01
1.178670148526518524e+00 1.326269872785872384e+00 2.285292010087910108e-01
1.194240228295930351e+00 1.326493046809775977e+00 2.299526568804638182e-01
1.209810308065342177e+00 1.326750949120476974e+00 2.313522266062193189e-01
1.225380387834754004e+00 1.327040139228436777e+00 2.327287670745877002e-01
1.240950467604165830e+00 1.327356864712290418e+00 2.340831004475942834e-01
1.256520547373577656e+00 1.327697102454422406e+00 2.354160151719940364e-01
1.272090627142988595e+00 1.328056596811107104e+00 2.367282670380179144e-01
1.287660706912400421e+00 1.328430894898471326e+00 2.380205802735048115e-01
1.303230786681812248e+00 1.328815379167790800e+00 2.392936486627337822e-01
1.318800866451224074e+00 1.329205297435757771e+00 2.405481366805896359e-01
1.334370946220635901e+00 1.329595790527490440e+00 2.417846806338752319e-01
1.349941025990047727e+00 1.329981917682238723e+00 2.430038898026466443e-01
1.365511105759459554e+00 1.330358679864097615e+00 2.442063475754198409e-01
1.381081185528871380e+00 1.330721041112492120e+00 2.453926125729453400e-01
1.396651265298283207e+00 1.331063948059961310e+00 2.465632197560275463e-01
1.412221345067694145e+00 1.331382347737708693e+00 2.477186815135506981e-01
1.427791424837105971e+00 1.331671203782648583e+00 2.488594887274828693e-01
1.443361504606517798e+00 1.331925511153147168e+00 2.499861118121793069e-01
1.458931584375929624e+00 1.332140309454469485e+00 2.510990017257864748e-01
1.474501664145341451e+00 1.332310694969055520e+00 2.521985909519779412e-01
1.490071743914753277e+00 1.332431831481051487e+00 2.532852944506259196e-01
1.505641823684165104e+00 1.332498959979218967e+00 2.543595105763554742e-01
1.521211903453576930e+00 1.332507407317271131e+00 2.554216219642072017e-01
1.536781983222987868e+00 1.332452593905848692e+00 2.564719963819035997e-01
1.552352062992399695e+00 1.332330040505837809e+00 2.575109875484281607e-01
1.567922142761811521e+00 1.332135374188412991e+00 2.585389359188326464e-01
1.583492222531223348e+00 1.331864333523143706e+00 2.595561694353461513e-01
1.599062302300635174e+00 1.331512773051684029e+00 2.605630042450176598e-01
1.614632382070047001e+00 1.331076667100939526e+00 2.615597453842459230e-01
1.630202461839458827e+00 1.330552112986222557e+00 2.625466874306544018e-01
1.645772541608870654e+00 1.329935333651699025e+00 2.635241151228788770e-01
1.661342621378282480e+00 1.329222679792393835e+00 2.644923039488891181e-01
1.676912701147693419e+00 1.328410631499232997e+00 2.654515207035605395e-01
1.692482780917105245e+00 1.327495799465859605e+00 2.664020240162391917e-01
1.708052860686517072e+00 1.326474925793497794e+00 2.673440648491153260e-01
1.723622940455928898e+00 1.325344884427758219e+00 2.682778869672323707e-01
1.739193020225340724e+00 1.324102681259025083e+00 2.692037273810101161e-01
1.754763099994752551e+00 1.322745453915995961e+00 2.701218167621602939e-01
1.770333179764164377e+00 1.321270471279995418e+00 2.710323798339132062e-01
1.785903259533576204e+00 1.319675132745742552e+00 2.719356357364603460e-01
1.801473339302987142e+00 1.317956967252642775e+00 2.728317983685404902e-01
1.817043419072398969e+00 1.316113632108882214e+00 2.737210767060951899e-01
1.832613498841810795e+00 1.314142911629198718e+00 2.746036750989107600e-01
1.848183578611222622e+00 1.312042715605655330e+00 2.754797935461681946e-01
1.863753658380634448e+00 1.309811077629437381e+00 2.763496279518088961e-01
1.879323738150046275e+00 1.307446153280376944e+00 2.772133703606130539e-01
1.894893817919458101e+00 1.304946218199730446e+00 2.780712091758819060e-01
1.910463897688869928e+00 1.302309666060594395e+00 2.789233293595901886e-01
1.926033977458280866e+00 1.299535006449269225e+00 2.797699126158679772e-01
1.941604057227692692e+00 1.296620862669918495e+00 2.806111375586536894e-01
1.957174136997104519e+00 1.293565969483880806e+00 2.814471798643291556e-01
1.972744216766516345e+00 1.290369170794195997e+00 2.822782124101478884e-01
1.988314296535928172e+00 1.287029417284968114e+00 2.831044053992309850e-01
2.003884376305339998e+00 1.283545764024535796e+00 2.839259264728895560e-01
2.019454456074750937e+00 1.279917368040613734e+00 2.847429408110124793e-01
2.035024535844163651e+00 1.276143485874918770e+00 2.855556112212386255e-01
2.050594615613574589e+00 1.272223471124174221e+00 2.863640982175963412e-01
2.066164695382987304e+00 1.268156771973763641e+00 2.871685600892970869e-01
2.081734775152398242e+00 1.263942928729774318e+00 2.879691529603095601e-01
2.097304854921810957e+00 1.259581571354629226e+00 2.887660308403622311e-01
2.112874934691221895e+00 1.255072417011056762e+00 2.895593456679562694e-01
2.128445014460632834e+00 1.250415267618651960e+00 2.903492473459818313e-01
2.144015094230045548e+00 1.245610007426905863e+00 2.911358837704903224e-01
2.159585173999456487e+00 1.240656600608145199e+00 2.919194008531519891e-01
2.175155253768869201e+00 1.235555088873510954e+00 2.926999425379217534e-01
2.190725333538280140e+00 1.230305589114711662e+00 2.934776508123926320e-01
2.206295413307692854e+00 1.224908291074000566e+00 2.942526657143145763e-01
2.221865493077103793e+00 1.219363455044557787e+00 2.950251253337206059e-01
2.237435572846516507e+00 1.213671409603125140e+00 2.957951658110898885e-01
2.253005652615927445e+00 1.207832549376562037e+00 2.965629213319534996e-01
2.268575732385338384e+00 1.201847332843711147e+00 2.973285241183309391e-01
2.284145812154751098e+00 1.195716280173765522e+00 2.980921044173615586e-01
2.299715891924162037e+00 1.189439971102150828e+00 2.988537904874819517e-01
2.315285971693574751e+00 1.183019042844714930e+00 2.996137085824777668e-01
2.330856051462985690e+00 1.176454188050907401e+00 3.003719829337204161e-01
2.346426131232398404e+00 1.169746152796419025e+00 3.011287357308847779e-01
2.361996211001809343e+00 1.162895734615680743e+00 3.018840871014223937e-01
2.377566290771222057e+00 1.155903780574421003e+00 3.026381550890545613e-01
2.393136370540632996e+00 1.148771185382442939e+00 3.033910556315225215e-01
2.408706450310043934e+00 1.141498889546616491e+00 3.041429025378338813e-01
2.424276530079456649e+00 1.134087877564025071e+00 3.048938074652094432e-01
2.439846609848867587e+00 1.126539176155110233e+00 3.056438798959377201e-01
2.455416689618280301e+00 1.118853852536577431e+00 3.063932271143177122e-01
2.470986769387691240e+00 1.111033012733766201e+00 3.071419541838639189e-01
2.486556849157103954e+00 1.103077799932124181e+00 3.078901639249378985e-01
2.502126928926514893e+00 1.094989392867386613e+00 3.086379568929430439e-01
2.517697008695925831e+00 1.086769004253973714e+00 3.093854313572285686e-01
2.533267088465338546e+00 1.078417879251142297e+00 3.101326832808212752e-01
2.548837168234749484e+00 1.069937293966338965e+00 3.108798063010985713e-01
2.564407248004162199e+00 1.061328553995190216e+00 3.116268917115043169e-01
2.579977327773573137e+00 1.052592992997552379e+00 3.123740284444078696e-01
2.595547407542985852e+00 1.043731971309005857e+00 3.131213030551748266e-01
2.611117487312396790e+00 1.034746874587186394e+00 3.138687997075409464e-01
2.626687567081809505e+00 1.025639112492266358e+00 3.146166001603394324e-01
2.642257646851220443e+00 1.016410117401016500e+00 3.153647837556506905e-01
2.657827726620631381e+00 1.007061343153709210e+00 3.161134274084159701e-01
2.673397806390044096e+00 9.975942638332746526e-01 3.168626055975639622e-01
2.688967886159455034e+00 9.880103725760078781e-01 3.176123903586761110e-01
2.704537965928867749e+00 9.783111804131743305e-01 3.183628512782335496e-01
2.720108045698278687e+00 9.684982151428833674e-01 3.191140554894506542e-01
2.735678125467691402e+00 9.585730202315287940e-01 3.198660676697295813e-01
2.751248205237102340e+00 9.485371537442123246e-01 3.206189500397290115e-01
2.766818285006515055e+00 9.383921873034364314e-01 3.213727623640711406e-01
2.782388364775925993e+00 9.281397050755219036e-01 3.221275619536686508e-01
2.797958444545336931e+00 9.177813027840449056e-01 3.228834036696869858e-01
2.813528524314749646e+00 9.073185867497535195e-01 3.236403399291156169e-01
2.829098604084160584e+00 8.967531729563220644e-01 3.243984207119517404e-01
2.844668683853573299e+00 8.860866861413676521e-01 3.251576935699707627e-01
2.860238763622984237e+00 8.753207589121683174e-01 3.259182036370680269e-01
2.875808843392396952e+00 8.644570308854967466e-01 3.266799936411487471e-01
2.891378923161807890e+00 8.534971478510591236e-01 3.274431039175402791e-01
2.906949002931218828e+00 8.424427609579541176e-01 3.282075724239005288e-01
2.922519082700631543e+00 8.312955259236831651e-01 3.289734347565880790e-01
2.938089162470042481e+00 8.200571022651735875e-01 3.297407241684636170e-01
2.953659242239455196e+00 8.087291525513242707e-01 3.305094715880885214e-01
2.969229322008866134e+00 7.973133416766189363e-01 3.312797056402805307e-01
2.984799401778278849e+00 7.858113361552958587e-01 3.320514526679907430e-01
3.000369481547689787e+00 7.742248034356857822e-01 3.328247367554589276e-01
3.015939561317102502e+00 7.625554112342030066e-01 3.335995797526080664e-01
3.031509641086513440e+00 7.508048268886440280e-01 3.343760013006350507e-01
3.047079720855924378e+00 7.389747167303064579e-01 3.351540188587505131e-01
3.062649800625337093e+00 7.270667454745831648e-01 3.359336477320282177e-01
3.078219880394748031e+00 7.150825756296212976e-01 3.367149011003148229e-01
3.093789960164160746e+00 7.030238669226578363e-01 3.374977900481534454e-01
3.109360039933571684e+00 6.908922757436880557e-01 3.382823235956778363e-01
3.124930119702984399e+00 6.786894546061010836e-01 3.390685087304302070e-01
3.140500199472395337e+00 6.664170516239441566e-01 3.398563504400451407e-01
3.156070279241808052e+00 6.540767100054718508e-01 3.406458517457732760e-01
3.171640359011218990e+00 6.416700675626743067e-01 3.414370137367712110e-01
3.187210438780629929e+00 6.291987562364449449e-01 3.422298356051368673e-01
3.202780518550042643e+00 6.166644016371138903e-01 3.430243146816177036e-01
3.218350598319453582e+00 6.040686226000215875e-01 3.438204464719634146e-01
3.233920678088866296e+00 5.914130307558611577e-01 3.446182246938716554e-01
3.249490757858277235e+00 5.786992301155041707e-01 3.454176413144696700e-01
3.265060837627689949e+00 5.659288166690301658e-01 3.462186865883065678e-01
3.280630917397100887e+00 5.531033779987111210e-01 3.470213490957871350e-01
3.296200997166511826e+00 5.402244929056706502e-01 3.478256157820234784e-01
3.311771076935924540e+00 5.272937310499634656e-01 3.486314719960445507e-01
3.327341156705335479e+00 5.143126526038733770e-01 3.494389015303289159e-01
3.342911236474748193e+00 5.012828079181013141e-01 3.502478866606153485e-01
3.358481316244159132e+00 4.882057372007057028e-01 3.510584081859470795e-01
3.374051396013571846e+00 4.750829702084722328e-01 3.518704454689126071e-01
3.389621475782982785e+00 4.619160259505644683e-01 3.526839764760394402e-01
3.405191555552395499e+00 4.487064124041650892e-01 3.534989778183003084e-01
3.420761635321806438e+00 4.354556262419439494e-01 3.543154247916967536e-01
3.436331715091217376e+00 4.221651525710923836e-01 3.551332914178825795e-01
3.451901794860630091e+00 4.088364646837435168e-01 3.559525504847836364e-01
3.467471874630041029e+00 3.954710238185641935e-01 3.567731735871862986e-01
3.483041954399453743e+00 3.820702789332902638e-01 3.575951311672552202e-01
3.498612034168864682e+00 3.686356664880384715e-01 3.584183925549501160e-01
3.514182113938277396e+00 3.551686102391506950e-01 3.592429260083039866e-01
3.529752193707688335e+00 3.416705210434364814e-01 3.600686987535359762e-01
3.545322273477101049e+00 3.281427966725337653e-01 3.608956770249643897e-01
3.560892353246511988e+00 3.145868216372884607e-01 3.617238261046942238e-01
3.576462433015922926e+00 3.010039670218613295e-01 3.625531103620496798e-01
3.592032512785335641e+00 2.873955903274758583e-01 3.633834932927189620e-01
3.607602592554746579e+00 2.737630353255350313e-01 3.642149375575953751e-01
3.623172672324159294e+00 2.601076319199573383e-01 3.650474050212803578e-01
3.638742752093570232e+00 2.464306960185622952e-01 3.658808567902299136e-01
3.654312831862982947e+00 2.327335294132816534e-01 3.667152532505166262e-01
3.669882911632393885e+00 2.190174196690512776e-01 3.675505541051918845e-01
3.685452991401806599e+00 2.052836400211782986e-01 3.683867184112216697e-01
3.701023071171217538e+00 1.915334492810192579e-01 3.692237046159780878e-01
3.716593150940628476e+00 1.777680917497898028e-01 3.700614705932685489e-01
3.732163230710041191e+00 1.639887971403127254e-01 3.708999736788851087e-01
3.747733310479452129e+00 1.501967805065528017e-01 3.717391707056555972e-01
3.763303390248864844e+00 1.363932421807446671e-01 3.725790180379813799e-01
3.778873470018275782e+00 1.225793677179490559e-01 3.734194716058494290e-01
3.794443549787688497e+00 1.087563278478626827e-01 3.742604869383018285e-01
3.810013629557099435e+00 9.492527843371323382e-02 3.751020191963516659e-01
3.825583709326510373e+00 8.108736043805261917e-02 3.759440232053337660e-01
3.841153789095923088e+00 6.724369989531700509e-02 3.767864534866784409e-01
3.856723868865334026e+00 5.339540789094136125e-02 3.776292642890974327e-01
3.872293948634746741e+00 3.954358054688753704e-02 3.784724096191807718e-01
3.887864028404157679e+00 2.568929901341685668e-02 3.793158432713808481e-01
3.903434108173570394e+00 1.183362946693753553e-02 3.801595188573932416e-01
3.919004187942981332e+00 -2.022376886226549819e-03 3.810033898349186043e-01
3.934574267712394047e+00 -1.587768380033601628e-02 3.818474095357995424e-01
3.950144347481804985e+00 -2.973126997510851938e-02 3.826915311935349395e-01
3.965714427251215923e+00 -4.358212903519839004e-02 3.835357079701564031e-01
3.981284507020628638e+00 -5.742926950437440142e-02 3.843798929824766009e-01
3.996854586790039576e+00 -7.127171477458618676e-02 3.852240393276959440e-01
4.012424666559452291e+00 -8.510850307008124838e-02 3.860681001083727248e-01
4.027994746328863229e+00 -9.893868740669123363e-02 3.869120284567527102e-01
4.043564826098275944e+00 -1.127613355464799627e-01 3.877557775584575817e-01
4.059134905867686882e+00 -1.265755299478641127e-01 3.885993006755315005e-01
4.074704985637099597e+00 -1.403803677114025261e-01 3.894425511688541786e-01
4.090275065406510535e+00 -1.541749605213459662e-01 3.902854825199066346e-01
4.105845145175921473e+00 -1.679584345831416359e-01 3.911280483519108397e-01
4.121415224945334188e+00 -1.817299305570057033e-01 3.919702024503274873e-01
4.136985304714745126e+00 -1.954886034877104106e-01 3.928118987827265984e-01
4.152555384484157841e+00 -2.092336227307471652e-01 3.936530915180327939e-01
4.168125464253568779e+00 -2.229641718749617862e-01 3.944937350451431790e-01
4.183695544022981494e+00 -2.366794486618490068e-01 3.953337839909322193e-01
4.199265623792392432e+00 -2.503786649015881105e-01 3.961731932376374443e-01
4.214835703561803371e+00 -2.640610463859956458e-01 3.970119179396415787e-01
4.230405783331216085e+00 -2.777258327985049902e-01 3.978499135396501574e-01
4.245975863100627024e+00 -2.913722776212858134e-01 3.986871357842717289e-01
4.261545942870039738e+00 -3.049996480396732212e-01 3.995235407390103632e-01
4.277116022639450676e+00 -3.186072248439688614e-01 4.003590848026756799e-01
4.292686102408863391e+00 -3.321943023288102537e-01 4.011937247212133406e-01
4.308256182178274329e+00 -3.457601881901450347e-01 4.020274176009700495e-01
4.323826261947687044e+00 -3.593042034200033541e-01 4.028601209213995005e-01
4.339396341717097982e+00 -3.728256821991249303e-01 4.036917925472088275e-01
4.354966421486508921e+00 -3.863239717875970314e-01 4.045223907399685404e-01
4.370536501255921635e+00 -3.997984324135834822e-01 4.053518741691803928e-01
4.386106581025332574e+00 -4.132484371602564432e-01 4.061802019228200056e-01
4.401676660794745288e+00 -4.266733718510706819e-01 4.070073335173597928e-01
4.417246740564156227e+00 -4.400726349334280751e-01 4.078332289072830186e-01
4.432816820333568941e+00 -4.534456373608888313e-01 4.086578484940975309e-01
4.448386900102979880e+00 -4.667918024739778904e-01 4.094811531348534483e-01
4.463956979872392594e+00 -4.801105658797422127e-01 4.103031041501860599e-01
4.479527059641803532e+00 -4.934013753300832694e-01 4.111236633318781641e-01
4.495097139411214471e+00 -5.066636905990292705e-01 4.119427929499654972e-01
4.510667219180627185e+00 -5.198969833589683898e-01 4.127604557593852475e-01
4.526237298950038124e+00 -5.331007370559954772e-01 4.135766150061812030e-01
4.541807378719450838e+00 -5.462744467844076190e-01 4.143912344332743025e-01
4.557377458488861777e+00 -5.594176191604529613e-01 4.152042782858116898e-01
4.572947538258274491e+00 -5.725297721954258900e-01 4.160157113160956044e-01
4.588517618027685430e+00 -5.856104351681481468e-01 4.168254987881128693e-01
4.604087697797096368e+00 -5.986591484969699950e-01 4.176336064816659754e-01
4.619657777566509083e+00 -6.116754636113121979e-01 4.184400006961229157e-01
4.635227857335920021e+00 -6.246589428228330743e-01 4.192446482537844354e-01
4.650797937105332736e+00 -6.376091591963440885e-01 4.200475165028941249e-01
4.666368016874743674e+00 -6.505256964204412240e-01 4.208485733202849688e-01
4.681938096644156388e+00 -6.634081486780279979e-01 4.216477871136852795e-01
4.697508176413567327e+00 -6.762561205166988110e-01 4.224451268236859014e-01
4.713078256182980041e+00 -6.890692267191216303e-01 4.232405619253781226e-01
4.728648335952390980e+00 -7.018470921734178969e-01 4.240340624296773941e-01
4.744218415721801918e+00 -7.145893517436445741e-01 4.248255988843371300e-01
4.759788495491214633e+00 -7.272956501404013174e-01 4.256151423746628026e-01
4.775358575260625571e+00 -7.399656417916329332e-01 4.264026645239377689e-01
4.790928655030038286e+00 -7.525989907136854118e-01 4.271881374935675435e-01
4.806498734799449224e+00 -7.651953703826321895e-01 4.279715339829521237e-01
4.822068814568861939e+00 -7.777544636059766647e-01 4.287528272290979103e-01
4.837638894338272877e+00 -7.902759623947073209e-01 4.295319910059717805e-01
4.853208974107685592e+00 -8.027595678358120379e-01 4.303089996236146852e-01
4.868779053877096530e+00 -8.152049899652504816e-01 4.310838279270134965e-01
4.884349133646507468e+00 -8.276119476414632858e-01 4.318564512947493106e-01
4.899919213415920183e+00 -8.399801684194115881e-01 4.326268456374230964e-01
4.915489293185331121e+00 -8.523093884252314067e-01 4.333949873958704013e-01
4.931059372954743836e+00 -8.645993522315081892e-01 4.341608535391721646e-01
4.946629452724154774e+00 -8.768498127332152725e-01 4.349244215624685217e-01
4.962199532493567489e+00 -8.890605310243611115e-01 4.356856694845907541e-01
4.977769612262978427e+00 -9.012312762753351691e-01 4.364445758455023916e-01
4.993339692032391142e+00 -9.133618256110600520e-01 4.372011197035767238e-01
5.008909771801802080e+00 -9.254519639898755035e-01 4.379552806327041137e-01
5.024479851571213018e+00 -9.375014840832849305e-01 4.387070387192411047e-01
5.040049931340625733e+00 -9.495101861565062862e-01 4.394563745588123682e-01
5.055620011110036671e+00 -9.614778779499040251e-01 4.402032692529610491e-01
5.071190090879449386e+00 -9.734043745613065735e-01 4.409477044056688277e-01
5.086760170648860324e+00 -9.852894983292183051e-01 4.416896621197397566e-01
5.102330250418273039e+00 -9.971330787169843113e-01 4.424291249930612513e-01
5.117900330187683977e+00 -1.008934952197873658e+00 4.431660761147482863e-01
5.133470409957094915e+00 -1.020694962141153184e+00 4.439004990611734591e-01
5.149040489726507630e+00 -1.032412958699127969e+00 4.446323778918914726e-01
5.164610569495918568e+00 -1.044088798695181897e+00 4.453616971454641971e-01
5.180180649265331283e+00 -1.055722345512843718e+00 4.460884418351889757e-01
5.195750729034742221e+00 -1.067313468985851888e+00 4.468125974447416104e-01
5.211320808804154936e+00 -1.078862045289288085e+00 4.475341499237337484e-01
5.226890888573565874e+00 -1.090367956831741481e+00 4.482530856831891675e-01
5.242460968342978589e+00 -1.101831092148536140e+00 4.489693915909538924e-01
5.258031048112389527e+00 -1.113251345796032465e+00 4.496830549670327026e-01
5.273601127881800466e+00 -1.124628618247005996e+00 4.503940635788616365e-01
5.289171207651213180e+00 -1.135962815787110447e+00 4.511024056365293133e-01
5.304741287420624118e+00 -1.147253850412431664e+00 4.518080697879336971e-01
5.320311367190036833e+00 -1.158501639728146015e+00 4.525110451139003898e-01
5.335881446959447771e+00 -1.169706106848283689e+00 4.532113211232459693e-01
5.351451526728860486e+00 -1.180867180296595098e+00 4.539088877478082429e-01
5.367021606498271424e+00 -1.191984793908531515e+00 4.546037353374327572e-01
5.382591686267684139e+00 -1.203058886734353017e+00 4.552958546549326635e-01
5.398161766037095077e+00 -1.214089402943332452e+00 4.559852368710159420e-01
5.413731845806506016e+00 -1.225076291729105371e+00 4.566718735591848710e-01
5.429301925575918730e+00 -1.236019507216116864e+00 4.573557566906205629e-01
5.444872005345329669e+00 -1.246919008367205706e+00 4.580368786290395788e-01
5.460442085114742383e+00 -1.257774758892310052e+00 4.587152321255451026e-01
5.476012164884153322e+00 -1.268586727158283800e+00 4.593908103134584087e-01
5.491582244653566036e+00 -1.279354886099841604e+00 4.600636067031448340e-01
5.507152324422976974e+00 -1.290079213131614333e+00 4.607336151768326449e-01
5.522722404192387913e+00 -1.300759690061334295e+00 4.614008299834304050e-01
5.538292483961800627e+00 -1.311396303004118469e+00 4.620652457333438434e-01
5.553862563731211566e+00 -1.321989042297858408e+00 4.627268573932907247e-01
5.569432643500624280e+00 -1.332537902419742570e+00 4.633856602811266545e-01
5.585002723270035219e+00 -1.343042881903849795e+00 4.640416500606733829e-01
5.600572803039447933e+00 -1.353503983259864540e+00 4.646948227365638728e-01
5.616142882808858872e+00 -1.363921212892867274e+00 4.653451746490850360e-01
5.631712962578271586e+00 -1.374294581024225970e+00 4.659927024690524444e-01
5.647283042347682525e+00 -1.384624101613562086e+00 4.666374031926868726e-01
5.662853122117093463e+00 -1.394909792281796568e+00 4.672792741365164870e-01
5.678423201886506178e+00 -1.405151674235273651e+00 4.679183129322977419e-01
5.693993281655917116e+00 -1.415349772190926281e+00 4.685545175219545944e-01
5.709563361425329830e+00 -1.425504114302528658e+00 4.691878861525463074e-01
5.725133441194740769e+00 -1.435614732087975742e+00 4.698184173712561251e-01
5.740703520964153483e+00 -1.445681660357618803e+00 4.704461100204113677e-01
5.756273600733564422e+00 -1.455704937143636357e+00 4.710709632325243423e-01
5.771843680502977136e+00 -1.465684603630421856e+00 4.716929764253721680e-01
5.787413760272388075e+00 -1.475620704086008983e+00 4.723121492971012469e-01
5.802983840041799013e+00 -1.485513285794493932e+00 4.729284818213639885e-01
5.818553919811211728e+00 -1.495362398989473096e+00 4.735419742424910594e-01
5.834123999580622666e+00 -1.505168096788472631e+00 4.741526270707009383e-01
5.849694079350035381e+00 -1.514930435128359454e+00 4.747604410773375583e-01
5.865264159119446319e+00 -1.524649472701740560e+00 4.753654172901516928e-01
5.880834238888859034e+00 -1.534325270894326465e+00 4.759675569886176461e-01
5.896404318658269972e+00 -1.543957893723254760e+00 4.765668616992861928e-01
5.911974398427680910e+00 -1.553547407776370459e+00 4.771633331911804277e-01
5.927544478197093625e+00 -1.563093882152444714e+00 4.777569734712278637e-01
5.943114557966504563e+00 -1.572597388402321439e+00 4.783477847797401594e-01
5.958684637735917278e+00 -1.582058000471008974e+00 4.789357695859260411e-01
5.974254717505328216e+00 -1.591475794640647923e+00 4.795209305834507441e-01
5.989824797274740931e+00 -1.600850849474436233e+00 4.801032706860395849e-01
6.005394877044151869e+00 -1.610183245761395820e+00 4.806827930231212798e-01
6.020964956813564584e+00 -1.619473066462067345e+00 4.812595009355180586e-01
6.036535036582975522e+00 -1.628720396655054081e+00 4.818333979711782455e-01
6.052105116352386460e+00 -1.637925323484446860e+00 4.824044878809524706e-01
6.067675196121799175e+00 -1.647087936108108996e+00 4.829727746144191758e-01
6.083245275891210113e+00 -1.656208325646780999e+00 4.835382623157508664e-01
6.098815355660622828e+00 -1.665286585134066355e+00 4.841009553196271575e-01
6.114385435430033766e+00 -1.674322809467202244e+00 4.846608581471961164e-01
6.129955515199446481e+00 -1.683317095358679794e+00 4.852179755020774032e-01
6.145525594968857419e+00 -1.692269541288658585e+00 4.857723122664161508e-01
6.161095674738270134e+00 -1.701180247458172312e+00 4.863238734969803079e-01
6.176665754507681072e+00 -1.710049315743139342e+00 4.868726644213051680e-01
6.192235834277092010e+00 -1.718876849649146443e+00 4.874186904338831394e-01
6.207805914046504725e+00 -1.727662954266993900e+00 4.879619570924060290e-01
6.223375993815915663e+00 -1.736407736229008902e+00 4.885024701140448511e-01
6.238946073585328378e+00 -1.745111303666104785e+00 4.890402353717839823e-01
6.254516153354739316e+00 -1.753773766165586112e+00 4.895752588907981706e-01
6.270086233124152031e+00 -1.762395234729678517e+00 4.901075468448781725e-01
6.285656312893562969e+00 -1.770975821734772193e+00 4.906371055529007985e-01
6.301226392662973907e+00 -1.779515640891403905e+00 4.911639414753475874e-01
6.316796472432386622e+00 -1.788014807204908019e+00 4.916880612108701087e-01
6.332366552201797560e+00 -1.796473436936784074e+00 4.922094714928966774e-01
6.347936631971210275e+00 -1.804891647566737145e+00 4.927281791862932470e-01
6.363506711740621213e+00 -1.813269557755391670e+00 4.932441912840636045e-01
6.379076791510033928e+00 -1.821607287307684064e+00 4.937575149040990818e-01
6.394646871279444866e+00 -1.829904957136884835e+00 4.942681572859717321e-01
6.410216951048857581e+00 -1.838162689229298374e+00 4.947761257877722474e-01
6.425787030818268519e+00 -1.846380606609566932e+00 4.952814278829972827e-01
6.441357110587679458e+00 -1.854558833306643617e+00 4.957840711574784121e-01
6.456927190357092172e+00 -1.862697494320347591e+00 4.962840633063530515e-01
6.472497270126503111e+00 -1.870796715588542769e+00 4.967814121310868414e-01
6.488067349895915825e+00 -1.878856623954934690e+00 4.972761255365337196e-01
6.503637429665326763e+00 -1.886877347137434713e+00 4.977682115280439579e-01
6.519207509434739478e+00 -1.894859013697131056e+00 4.982576782086121647e-01
6.534777589204150416e+00 -1.902801753007814733e+00 4.987445337760713637e-01
6.550347668973563131e+00 -1.910705695226102119e+00 4.992287865203303698e-01
6.565917748742974069e+00 -1.918570971262085978e+00 4.997104448206496352e-01
6.581487828512385008e+00 -1.926397712750554270e+00 5.001895171429634468e-01
6.597057908281797722e+00 -1.934186052022757396e+00 5.006660120372430356e-01
6.612627988051208661e+00 -1.941936122078696147e+00 5.011399381349008753e-01
6.628198067820621375e+00 -1.949648056559937004e+00 5.016113041462332278e-01
6.643768147590032314e+00 -1.957321989722968114e+00 5.020801188579101515e-01
6.659338227359445028e+00 -1.964958056413033116e+00 5.025463911305004805e-01
6.674908307128855967e+00 -1.972556392038487871e+00 5.030101298960357736e-01
6.690478386898268681e+00 -1.980117132545664571e+00 5.034713441556230018e-01
6.706048466667679619e+00 -1.987640414394185040e+00 5.039300429770829926e-01
6.721618546437090558e+00 -1.995126374532796287e+00 5.043862354926412772e-01
6.737188626206503272e+00 -2.002575150375651258e+00 5.048399308966454724e-01
6.752758705975914211e+00 -2.009986879779064317e+00 5.052911384433306230e-01
6.768328785745326925e+00 -2.017361701018727693e+00 5.057398674446164089e-01
6.783898865514737864e+00 -2.024699752767373351e+00 5.061861272679440971e-01
6.799468945284150578e+00 -2.032001174072875394e+00 5.066299273341480225e-01
6.815039025053561517e+00 -2.039266104336801888e+00 5.070712771153681464e-01
6.830609104822972455e+00 -2.046494683293388128e+00 5.075101861329917030e-01
6.846179184592385170e+00 -2.053687050988928231e+00 5.079466639556406982e-01
6.861749264361796108e+00 -2.060843347761588618e+00 5.083807201971819456e-01
6.877319344131208823e+00 -2.067963714221636717e+00 5.088123645147837326e-01
6.892889423900619761e+00 -2.075048291232055142e+00 5.092416066070006853e-01
6.908459503670032475e+00 -2.082097219889574191e+00 5.096684562118912742e-01
6.924029583439443414e+00 -2.089110641506072064e+00 5.100929231051776203e-01
6.939599663208856128e+00 -2.096088697590380079e+00 5.105150170984268376e-01
6.955169742978267067e+00 -2.103031529830441393e+00 5.109347480372744554e-01
6.970739822747678005e+00 -2.109939280075865398e+00 5.113521257996757052e-01
6.986309902517090720e+00 -2.116812090320826734e+00 5.117671602941910036e-01
7.001879982286501658e+00 -2.123650102687333785e+00 5.121798614583008558e-01
7.017450062055914373e+00 -2.130453459408852002e+00 5.125902392567546206e-01
7.033020141825325311e+00 -2.137222302814258068e+00 5.129983036799480312e-01
7.048590221594738026e+00 -2.143956775312160445e+00 5.134040647423323556e-01
7.064160301364148964e+00 -2.150657019375532553e+00 5.138075324808507593e-01
7.079730381133561679e+00 -2.157323177526690117e+00 5.142087169534126367e-01
7.095300460902972617e+00 -2.163955392322582050e+00 5.146076282373835964e-01
7.110870540672383555e+00 -2.170553806340410397e+00 5.150042764281171914e-01
7.126440620441796270e+00 -2.177118562163562920e+00 5.153986716375097421e-01
7.142010700211207208e+00 -2.183649802367837012e+00 5.157908239925798055e-01
7.157580779980619923e+00 -2.190147669507997108e+00 5.161807436340817290e-01
7.173150859750030861e+00 -2.196612306104594126e+00 5.165684407151429625e-01
7.188720939519443576e+00 -2.203043854631106413e+00 5.169539253999276829e-01
7.204291019288854514e+00 -2.209442457501356927e+00 5.173372078623325043e-01
7.219861099058265452e+00 -2.215808257057209740e+00 5.177182982846969539e-01
7.235431178827678167e+00 -2.222141395556550769e+00 5.180972068565538047e-01
7.251001258597089105e+00 -2.228442015161534062e+00 5.184739437733940637e-01
7.266571338366501820e+00 -2.234710257927106536e+00 5.188485192354604925e-01
7.282141418135912758e+00 -2.240946265789789393e+00 5.192209434465689943e-01
7.297711497905325473e+00 -2.247150180556717114e+00 5.195912266129498747e-01
7.313281577674736411e+00 -2.253322143894929130e+00 5.199593789421138590e-01
7.328851657444149126e+00 -2.259462297320931956e+00 5.203254106417430913e-01
7.344421737213560064e+00 -2.265570782190471366e+00 5.206893319186064462e-01
7.359991816982971002e+00 -2.271647739688573253e+00 5.210511529774941586e-01
7.375561896752383717e+00 -2.277693310819821626e+00 5.214108840201786554e-01
7.391131976521794655e+00 -2.283707636398841778e+00 5.217685352443940383e-01
7.406702056291207370e+00 -2.289690857041050354e+00 5.221241168428415458e-01
7.422272136060618308e+00 -2.295643113153598591e+00 5.224776390022144446e-01
7.437842215830031023e+00 -2.301564544926557154e+00 5.228291119022420164e-01
7.453412295599441961e+00 -2.307455292324298135e+00 5.231785457147591911e-01
7.468982375368854676e+00 -2.313315495077111983e+00 5.235259506027917231e-01
7.484552455138265614e+00 -2.319145292673017167e+00 5.238713367196672355e-01
7.500122534907676553e+00 -2.324944824349778116e+00 5.242147142081409195e-01
7.515692614677089267e+00 -2.330714229087128775e+00 5.245560931995425502e-01
7.531262694446500205e+00 -2.336453645599188889e+00 5.248954838129457068e-01
7.546832774215912920e+00 -2.342163212327085020e+00 5.252328961543525354e-01
7.562402853985323858e+00 -2.347843067431742092e+00 5.255683403158960543e-01
7.577972933754736573e+00 -2.353493348786885875e+00 5.259018263750673272e-01
7.593543013524147511e+00 -2.359114193972208895e+00 5.262333643939541838e-01
7.609113093293558450e+00 -2.364705740266732192e+00 5.265629644184992575e-01
7.624683173062971164e+00 -2.370268124642342045e+00 5.268906364777793394e-01
7.640253252832382103e+00 -2.375801483757478572e+00 5.272163905832956132e-01
7.655823332601794817e+00 -2.381305953951033949e+00 5.275402367282888694e-01
7.671393412371205756e+00 -2.386781671236380742e+00 5.278621848870627131e-01
7.686963492140618470e+00 -2.392228771295592971e+00 5.281822450143280889e-01
7.702533571910029409e+00 -2.397647389473810620e+00 5.285004270445673447e-01
7.718103651679442123e+00 -2.403037660773764905e+00 5.288167408914042911e-01
7.733673731448853061e+00 -2.408399719850471410e+00 5.291311964470005735e-01
7.749243811218264000e+00 -2.413733701006059551e+00 5.294438035814583721e-01
7.764813890987676714e+00 -2.419039738184765032e+00 5.297545721422461940e-01
7.780383970757087653e+00 -2.424317964968050632e+00 5.300635119536335482e-01
7.795954050526500367e+00 -2.429568514569901971e+00 5.303706328161427175e-01
7.811524130295911306e+00 -2.434791519832229412e+00 5.306759445060150737e-01
7.827094210065324020e+00 -2.439987113220434711e+00 5.309794567746891625e-01
7.842664289834734959e+00 -2.445155426819100697e+00 5.312811793482975498e-01
7.858234369604147673e+00 -2.450296592327820822e+00 5.315811219271724397e-01
7.873804449373558612e+00 -2.455410741057150403e+00 5.318792941853643930e-01
7.889374529142969550e+00 -2.460498003924698640e+00 5.321757057701801408e-01
7.904944608912382265e+00 -2.465558511451341861e+00 5.324703663017281707e-01
7.920514688681793203e+00 -2.470592393757552241e+00 5.327632853724763029e-01
7.936084768451205917e+00 -2.475599780559858853e+00 5.330544725468264744e-01
7.951654848220616856e+00 -2.480580801167420191e+00 5.333439373606968514e-01
7.967224927990029570e+00 -2.485535584478721916e+00 5.336316893211200396e-01
7.982795007759440509e+00 -2.490464258978374978e+00 5.339177379058500650e-01
7.998365087528853223e+00 -2.495366952734040300e+00 5.342020925629828998e-01
8.013935167298264162e+00 -2.500243793393451597e+00 5.344847627105875354e-01
