# normalized_residuals
-5.242669703309625895e-01
9.839123426421243490e-01
1.641545230128848676e+00
-7.762330463608698716e-01
6.626335161494105730e-01
5.454331477343971057e-01
-2.214956415771534015e-01
5.149674930662123673e-02
-8.110191733498240962e-01
6.216291152987901691e-01
-1.167681735532112741e+00
-1.837857469277684563e+00
-4.484501677975892275e-01
6.331869675166651446e-01
-2.610986050675752068e-01
3.687102196847943936e-01
1.062807169119878603e+00
-9.805491308715122978e-01
-1.474198170514038342e+00
-7.846337226270930776e-01
