# normalized_residuals
1.808670988441626049e-01
9.717635014384391479e-01
1.142352865072919776e+00
1.213920697576929664e+00
1.869778059170717002e-02
-1.247376317034399662e+00
-1.519031125064594701e+00
-1.564274290169569426e+00
-8.958306017962783807e-01
-2.775097810330658388e-01
2.334275157161186387e-01
9.989483325836452376e-01
1.261313686968035919e+00
1.212875069186373445e+00
1.625967976314150187e-01
-1.494025527550856713e+00
-1.029025202108162063e+00
2.239177659655775324e-02
1.063137868523716056e+00
-4.030049147050783209e-01
4.216597167122601575e-02
-6.079831534109404467e-01
1.213326400883365741e+00
3.176804436091839601e-01
2.398768368072381751e-01
-1.261865694385333914e+00
-1.299436576408903088e+00
-1.157241823521955926e+00
-8.842265165279602490e-01
-2.398612568937191075e-02
1.085234252368003860e+00
1.431380692314449643e+00
1.896933972573696225e+00
1.383180454814811666e+00
1.071963226891098353e+00
-2.719867167314586887e-01
-5.688649658974817003e-01
-6.506065497598625402e-01
-1.065338725118116114e+00
-4.493621231147300055e-01
